Model : 200
416,0.0565736073034781,[0.20583844 0.13236689 0.09601703 0.07139787 0.05731834 0.03769882 0.02109862 0.00888515 0.0],[0.1982906 0.13504274 0.1008547 0.07350427 0.05811966 0.03760684 0.02051282 0.00683761 0.0],[0.43240975 0.32217078 0.27691799 0.22495591 0.21234568 0.15277778 0.12962963 0.07407407 0.0],[0.48605578 0.54861111 0.53211009 0.47252747 0.43037975 0.31884058 0.20338983 0.07407407 0.0]
736,0.06881420700638383,[0.18594853 0.1343565 0.11122155 0.08386699 0.0531772 0.02550835 0.00793997 0.00294118 0.0],[0.16410256 0.12307692 0.0991453 0.07350427 0.04444444 0.02393162 0.00854701 0.0034188 0.0],[0.18399056 0.18120478 0.18819242 0.18854294 0.15235891 0.11049383 0.07407407 0.03703704 0.0],[0.21747967 0.28968254 0.34939759 0.36752137 0.30232558 0.20289855 0.0877193 0.03703704 0.0]
768,0.06799926139690259,[0.20145618 0.14738603 0.0980483 0.076996 0.04674646 0.01807371 0.00685064 0.00185185 0.0],[0.17435897 0.12478632 0.09230769 0.07179487 0.04102564 0.01709402 0.00683761 0.0017094 0.0],[0.19369158 0.20195612 0.19832471 0.20454545 0.17438272 0.09876543 0.07407407 0.01851852 0.0],[0.2248996 0.30522088 0.33536585 0.34710744 0.29268293 0.15625 0.07407407 0.01851852 0.0]
800,0.07172162002987331,[0.19930516 0.14528606 0.10040933 0.07358169 0.03646817 0.01625817 0.00294118 0.00108932 0.0],[0.17264957 0.12136752 0.08717949 0.06495726 0.03760684 0.01709402 0.0034188 0.0017094 0.0],[0.19971847 0.20888803 0.18253709 0.17789001 0.10828924 0.0632716 0.02314815 0.01851852 0.0],[0.2061657 0.27472527 0.30909091 0.33035714 0.27160494 0.15384615 0.03508772 0.01851852 0.0]
Model : 250
416,0.05662887626224094,[0.43877063 0.31859072 0.26950594 0.23038191 0.17667456 0.13374176 0.09228144 0.04333584 0.0107352],[0.47521368 0.34358974 0.28717949 0.24273504 0.18119658 0.13333333 0.09059829 0.04444444 0.00854701],[0.59180506 0.60510537 0.64381285 0.647116 0.5755438 0.53395062 0.41296296 0.25925926 0.09259259],[0.61983471 0.70307167 0.74449339 0.78651685 0.75539568 0.72641509 0.61176471 0.39393939 0.09259259]
736,0.07051794175748471,[0.57181524 0.46766437 0.4137097 0.334001 0.23332334 0.17486105 0.10521902 0.04213343 0.00630144],[0.60854701 0.51794872 0.45811966 0.38119658 0.28034188 0.21196581 0.13504274 0.05641026 0.01025641],[0.3871116 0.42164244 0.46572823 0.49851765 0.49310609 0.48440851 0.41236151 0.26049383 0.03395062],[0.35464231 0.43573265 0.51444043 0.58823529 0.64092664 0.67759563 0.65833333 0.42857143 0.10169492]
768,0.07161039776272243,[0.57614898 0.49677419 0.40478891 0.33198812 0.27595728 0.19269767 0.11145039 0.0445133 0.00527263],[0.61538462 0.53675214 0.45982906 0.38290598 0.32307692 0.23076923 0.13846154 0.05982906 0.00854701],[0.38122562 0.44062472 0.44230489 0.48757042 0.48880924 0.51997668 0.44385522 0.28703704 0.03703704],[0.34683358 0.43170732 0.5 0.59125964 0.66783217 0.71354167 0.68067227 0.46666667 0.0877193]
800,0.07292520116876673,[0.53430379 0.46404334 0.41175428 0.3402505 0.26309506 0.21140227 0.11054501 0.04286133 0.00889918],[0.58119658 0.50769231 0.45641026 0.39145299 0.31623932 0.25641026 0.14188034 0.05982906 0.01367521],[0.33831532 0.40065709 0.42941601 0.48737751 0.50885593 0.52970504 0.4007716 0.22839506 0.07407407],[0.3062629 0.38497653 0.46688742 0.56447689 0.65371025 0.71090047 0.66129032 0.44303797 0.13793103]
Model : 300
416,0.0573695147479022,[0.54994537 0.4662602 0.40183727 0.34268798 0.29953601 0.25016321 0.19241639 0.13758198 0.08127838],[0.5982906 0.50598291 0.43760684 0.37606838 0.32820513 0.27350427 0.21367521 0.15213675 0.08376068],[0.67353463 0.70423991 0.74825598 0.74344503 0.72242798 0.66430041 0.59465021 0.55059524 0.43981481],[0.70736086 0.77721519 0.84244373 0.86046512 0.8853211 0.86885246 0.83221477 0.77391304 0.6125]
736,0.07068426520736129,[0.75345148 0.66025413 0.57965018 0.51128101 0.42856149 0.33973572 0.21338267 0.1174183 0.0418574],[0.81196581 0.72820513 0.64957265 0.57948718 0.49401709 0.3965812 0.26153846 0.15384615 0.06153846],[0.48764488 0.54212214 0.56403446 0.6179217 0.62842442 0.64587008 0.58029268 0.45113169 0.22160494],[0.39587363 0.4826561 0.56944444 0.66540643 0.71813725 0.78595318 0.78571429 0.72 0.45]
768,0.07218435958579734,[0.76038311 0.66204299 0.58921592 0.51904271 0.44480749 0.33746349 0.23646075 0.11847414 0.03568456],[0.81196581 0.72478632 0.65641026 0.59145299 0.51111111 0.3982906 0.28717949 0.15384615 0.05128205],[0.46033004 0.50768162 0.53185854 0.58036911 0.64141262 0.63468318 0.64543651 0.48130511 0.21851852],[0.3559322 0.44465291 0.52887139 0.61780105 0.71800948 0.78451178 0.84 0.74380165 0.4109589]
800,0.0731848434165672,[0.74081814 0.64913133 0.56226857 0.4992067 0.43897198 0.33819082 0.21843979 0.12470955 0.03303809],[0.7982906 0.70940171 0.62905983 0.56239316 0.4991453 0.39145299 0.26495726 0.16068376 0.04957265],[0.42006471 0.45345224 0.50394034 0.52739877 0.60809653 0.63923628 0.57657194 0.49331276 0.18055556],[0.32707622 0.40545455 0.48979592 0.58147513 0.68287037 0.74675325 0.79487179 0.74603175 0.39189189]
Model : 350
416,0.05620302977385344,[0.65460123 0.57030377 0.50470605 0.46042421 0.40156104 0.34709301 0.29407506 0.21495356 0.12779574],[0.70598291 0.61880342 0.54871795 0.4957265 0.43589744 0.37264957 0.31965812 0.23247863 0.13675214],[0.6582259 0.68444492 0.72000059 0.73886877 0.71899757 0.72038908 0.69898522 0.66053057 0.56018519],[0.67148489 0.75 0.81481481 0.84153005 0.85993485 0.86220472 0.87155963 0.8447205 0.75471698]
736,0.07125867737664117,[0.78667492 0.70440659 0.63405277 0.56103118 0.49717681 0.39922325 0.29385565 0.20340368 0.05745464],[0.84615385 0.77435897 0.70598291 0.62905983 0.56239316 0.46666667 0.35213675 0.24957265 0.08034188],[0.36222477 0.42988865 0.48804222 0.54963881 0.58049979 0.58879445 0.58295104 0.50453838 0.25603255],[0.31672026 0.4047619 0.48542601 0.57057057 0.64367816 0.71761658 0.75451264 0.76165803 0.52173913]
768,0.0722588786372432,[0.8150899 0.69410864 0.61752018 0.54849218 0.46547323 0.40511301 0.29716489 0.19325814 0.04647792],[0.85811966 0.76752137 0.69401709 0.62564103 0.54358974 0.47863248 0.36239316 0.23931624 0.06495726],[0.34662739 0.40629627 0.46638142 0.53344967 0.5753837 0.60985562 0.60415358 0.61313912 0.30555556],[0.29843197 0.38309637 0.45948946 0.55208333 0.62790698 0.69041769 0.73702422 0.7877095 0.48717949]
800,0.07372120574668602,[0.82020814 0.69668507 0.64469905 0.54734027 0.46850845 0.38265109 0.28543414 0.17557415 0.04671073],[0.87179487 0.76068376 0.70940171 0.61880342 0.53675214 0.45128205 0.34529915 0.21880342 0.06837607],[0.31805994 0.38111607 0.43932394 0.48203011 0.56235127 0.57033247 0.56998707 0.55734428 0.2382716],[0.27782975 0.35660661 0.43251534 0.51198872 0.59961686 0.66165414 0.72924188 0.75739645 0.47619048]
Model : 400
416,0.05629532867007785,[0.43394748 0.36582061 0.30277521 0.27441811 0.22096445 0.1798541 0.13731236 0.09837293 0.04244454],[0.47692308 0.4 0.32820513 0.29401709 0.23760684 0.19487179 0.14871795 0.1042735 0.04615385],[0.66473778 0.69157191 0.69060112 0.68239939 0.67098765 0.63888889 0.55555556 0.44444444 0.27777778],[0.72422062 0.81605351 0.84482759 0.86069652 0.86335404 0.85185185 0.78571429 0.67032967 0.40909091]
736,0.07046238581339519,[0.65829207 0.58520524 0.53357241 0.48013464 0.41470092 0.35761531 0.25782945 0.13669027 0.01877937],[0.72478632 0.65299145 0.60512821 0.55042735 0.48034188 0.41709402 0.3042735 0.17094017 0.02564103],[0.48886251 0.52841172 0.55303952 0.56481855 0.58451198 0.59383281 0.59916092 0.56496914 0.2037037],[0.48257373 0.57291667 0.64735945 0.70124481 0.76266667 0.80858086 0.83962264 0.78740157 0.25862069]
768,0.07216603226131862,[0.66831543 0.58479959 0.51197032 0.46587666 0.4090544 0.35879836 0.27852696 0.15293705 0.03054612],[0.73504274 0.65470085 0.58974359 0.54017094 0.47863248 0.42564103 0.33675214 0.19145299 0.04102564],[0.47845537 0.51856921 0.52932414 0.55818207 0.58625152 0.62528894 0.65213223 0.51954733 0.2962963],[0.46197411 0.55946602 0.61378205 0.68607069 0.75324675 0.83552632 0.87555556 0.8 0.38709677]
800,0.07381429937150744,[0.6653397 0.60875048 0.54182821 0.477412 0.40825501 0.3244109 0.25969653 0.1544499 0.01678621],[0.72478632 0.67008547 0.60512821 0.54700855 0.48376068 0.39145299 0.31452991 0.19145299 0.02222222],[0.45234213 0.50129106 0.51470528 0.53760679 0.54843769 0.58820513 0.62802696 0.56404321 0.16666667],[0.43559719 0.53758542 0.59398496 0.66796875 0.7244898 0.78716216 0.83561644 0.8115942 0.22413793]
Model : 450
416,0.05636961813326235,[0.45635345 0.38867673 0.3415118 0.31537272 0.28146424 0.24706064 0.21288724 0.16466106 0.1037014],[0.4991453 0.42735043 0.37777778 0.34871795 0.30940171 0.26837607 0.23076923 0.17777778 0.10769231],[0.69870233 0.70563846 0.68401609 0.68442828 0.66419753 0.66637205 0.65509259 0.54398148 0.43981481],[0.80331754 0.85185185 0.86813187 0.88429752 0.87619048 0.86956522 0.87179487 0.8 0.67021277]
736,0.07099941041734484,[0.63370891 0.564084 0.51146965 0.46615067 0.41581603 0.37188322 0.30864514 0.20326749 0.09810477],[0.7025641 0.63589744 0.58290598 0.53504274 0.48034188 0.42905983 0.36410256 0.25641026 0.12649573],[0.52234465 0.56150313 0.5939876 0.59578725 0.57892411 0.60407792 0.63312027 0.58452473 0.45182981],[0.5637149 0.63988095 0.69662921 0.72307692 0.75520833 0.790625 0.83794466 0.82872928 0.69158879]
768,0.07192521625094944,[0.63006078 0.57512918 0.51319419 0.44693554 0.39995082 0.36680889 0.31376752 0.2232995 0.09564524],[0.6991453 0.64102564 0.58119658 0.52307692 0.47008547 0.43076923 0.37435897 0.27008547 0.12478632],[0.48074245 0.52963096 0.58106753 0.5955668 0.59231961 0.61534624 0.61958887 0.63583053 0.52513228],[0.5035533 0.58757062 0.66361974 0.72665148 0.75 0.80448718 0.82264151 0.84491979 0.72277228]
800,0.07275834348466662,[0.64484637 0.56708221 0.50596342 0.47027114 0.4226665 0.35690443 0.28003737 0.18899409 0.08752265],[0.7042735 0.63589744 0.57948718 0.53846154 0.48888889 0.42222222 0.33675214 0.23589744 0.11452991],[0.46505033 0.50556347 0.55925042 0.57156255 0.59824655 0.58797156 0.61139149 0.5217292 0.45260141],[0.48622982 0.56873315 0.65499124 0.69958848 0.7369727 0.778125 0.81327801 0.78409091 0.67676768]
Model : 500
416,0.056684520509507924,[0.39577117 0.35133259 0.30925443 0.27545636 0.25176848 0.22532209 0.1914054 0.15217805 0.10321781],[0.42393162 0.37435897 0.32649573 0.29059829 0.25982906 0.23076923 0.19487179 0.15042735 0.1042735],[0.73530539 0.71648321 0.73166746 0.7154321 0.68657407 0.63917549 0.59799383 0.55026455 0.38425926],[0.84164223 0.86940299 0.86956522 0.86764706 0.8603352 0.83435583 0.82142857 0.77192982 0.64210526]
736,0.07049944224180998,[0.6854461 0.59647466 0.55121358 0.49945099 0.4589593 0.38278129 0.314996 0.22695118 0.11763214],[0.73162393 0.65128205 0.60683761 0.55897436 0.51965812 0.44273504 0.36581197 0.26837607 0.14358974],[0.54165306 0.57465742 0.60596099 0.61107693 0.6499869 0.67205408 0.67773369 0.57727119 0.47979798],[0.5771028 0.64308682 0.68978805 0.7218543 0.76826196 0.815625 0.8359375 0.80927835 0.73684211]
768,0.07257340130982576,[0.6754049 0.61580233 0.55455861 0.50840676 0.45781538 0.39818733 0.34894149 0.26732233 0.12755552],[0.72478632 0.66495726 0.61196581 0.57264957 0.51965812 0.45982906 0.40854701 0.31623932 0.15726496],[0.506221 0.5421096 0.58570783 0.59524039 0.59840473 0.65071654 0.66047998 0.65773301 0.53497942],[0.53179825 0.60058309 0.65949821 0.69214876 0.73607748 0.79117647 0.83859649 0.87264151 0.77310924]
800,0.07357336415184869,[0.67345855 0.62887314 0.57928365 0.51947133 0.46066523 0.40482479 0.34268601 0.23792108 0.11328046],[0.72136752 0.68034188 0.63076923 0.57435897 0.51623932 0.46495726 0.3982906 0.28717949 0.13675214],[0.47289051 0.52819163 0.56579764 0.57962841 0.61540817 0.63507553 0.63930339 0.60070547 0.50462963],[0.48959366 0.56910569 0.63149079 0.67871486 0.72380952 0.77464789 0.80689655 0.8195122 0.73394495]
Model : 550
416,0.056851064717328106,[0.52985085 0.46918989 0.42307386 0.39353856 0.35551336 0.32619284 0.29430007 0.23684049 0.16753974],[0.55897436 0.49230769 0.44615385 0.41538462 0.37264957 0.34529915 0.30940171 0.25470085 0.17606838],[0.67058203 0.66627113 0.66664122 0.68526235 0.68182404 0.65442387 0.65392015 0.6117284 0.56481481],[0.70643939 0.7605985 0.78674352 0.82550336 0.84615385 0.85416667 0.86729858 0.84745763 0.80952381]
736,0.07122178430910464,[0.75712929 0.70108407 0.66962259 0.60820819 0.56833523 0.51908827 0.44637296 0.33631429 0.16586564],[0.81538462 0.76239316 0.72991453 0.67350427 0.63247863 0.58119658 0.5008547 0.38632479 0.1965812],[0.42970285 0.49999155 0.54509625 0.54542161 0.55701142 0.58783448 0.64910657 0.62544827 0.60634119],[0.42624224 0.51528384 0.58201058 0.62794349 0.68831169 0.73856209 0.81337047 0.81884058 0.8041958]
768,0.0721476607852512,[0.740596 0.70623547 0.67372093 0.61603275 0.56848047 0.52944176 0.45323499 0.33951494 0.16518199],[0.8034188 0.77094017 0.73333333 0.67863248 0.63247863 0.59316239 0.51111111 0.3982906 0.1982906],[0.42052345 0.47100557 0.51358873 0.53652699 0.5613559 0.58635955 0.60697882 0.61681185 0.5586872],[0.40846098 0.48730964 0.54875 0.60606061 0.65202109 0.70927835 0.78157895 0.81754386 0.8]
800,0.07505499433588099,[0.7441776 0.69614409 0.65224215 0.61192127 0.56210225 0.50914762 0.4555525 0.33517786 0.16413601],[0.81025641 0.75897436 0.71111111 0.67692308 0.62393162 0.56752137 0.50940171 0.37777778 0.19316239],[0.38895683 0.44894949 0.49022906 0.51465529 0.56110184 0.55206298 0.58317975 0.62127966 0.57914462],[0.37620358 0.45996094 0.51811594 0.58224163 0.6443662 0.69087137 0.74371859 0.79710145 0.80141844]
Model : 600
416,0.05668422910902235,[0.39062725 0.33916761 0.31331135 0.27351319 0.25095929 0.22724508 0.18765681 0.15649876 0.108536],[0.42222222 0.36923077 0.34017094 0.2974359 0.27179487 0.24444444 0.2 0.16239316 0.11282051],[0.71784743 0.7073108 0.6802095 0.6848251 0.68606702 0.69642857 0.64444444 0.58641975 0.44444444],[0.86363636 0.88326848 0.88510638 0.88557214 0.8852459 0.88819876 0.8540146 0.80508475 0.6875]
736,0.07018445597754584,[0.62855578 0.58311691 0.53780523 0.49452526 0.4279153 0.36368315 0.29005685 0.17156174 0.04577721],[0.69401709 0.64786325 0.60512821 0.55555556 0.48376068 0.41367521 0.33675214 0.21025641 0.06153846],[0.59248841 0.63398709 0.67315176 0.66971836 0.70363757 0.702604 0.6615555 0.60288066 0.30599647],[0.69461078 0.76380952 0.7987013 0.81728395 0.84365782 0.84775087 0.85042735 0.80645161 0.47368421]
768,0.07146237956153022,[0.62780812 0.58524105 0.52401277 0.48010764 0.42941631 0.36186647 0.29327967 0.17643264 0.05511636],[0.68717949 0.64273504 0.59145299 0.54358974 0.48888889 0.42051282 0.34871795 0.21880342 0.07863248],[0.60056933 0.64471742 0.66495364 0.65870655 0.66933477 0.67715979 0.65431194 0.57638635 0.26234568],[0.67435159 0.74094203 0.78017241 0.80940594 0.81818182 0.84013605 0.85 0.79012346 0.52272727]
800,0.07288804319169787,[0.63975642 0.57555108 0.52608058 0.47609348 0.40601311 0.35597248 0.27215529 0.13921379 0.03958799],[0.6974359 0.63247863 0.58290598 0.53333333 0.46837607 0.41538462 0.32136752 0.17435897 0.05470085],[0.58693434 0.63431162 0.63520113 0.64437689 0.64946738 0.66335785 0.65072808 0.46957672 0.23611111],[0.63526245 0.71580817 0.76008493 0.78239609 0.80346821 0.82711864 0.81385281 0.70833333 0.42666667]
Model : 650
416,0.05770301377331769,[0.58950236 0.53492375 0.50564732 0.4831206 0.44710054 0.40036125 0.36228231 0.28898194 0.20462482],[0.62905983 0.57094017 0.53846154 0.50940171 0.47179487 0.42051282 0.37948718 0.31111111 0.21880342],[0.67985245 0.71075529 0.72025071 0.72787331 0.75056387 0.74008276 0.75441369 0.69906606 0.56604938],[0.72407733 0.8 0.84102564 0.85393258 0.87538941 0.87588652 0.888 0.8872549 0.81935484]
736,0.07196230800063522,[0.76207544 0.69932143 0.65042131 0.60398452 0.55541678 0.50759425 0.43683878 0.31089158 0.12474053],[0.80854701 0.75042735 0.70940171 0.66495726 0.61880342 0.56923077 0.4974359 0.35555556 0.14700855],[0.44736753 0.48581219 0.51765025 0.53193763 0.54695667 0.58016726 0.62500287 0.63183154 0.52793945],[0.39707016 0.48596112 0.55439056 0.60342146 0.64695341 0.70190275 0.76115486 0.8 0.72268908]
768,0.07261044890792281,[0.77223432 0.7055881 0.63440447 0.58764601 0.544732 0.49203782 0.41799541 0.30244883 0.15768958],[0.80854701 0.76068376 0.6974359 0.65641026 0.61367521 0.55897436 0.48376068 0.35726496 0.17948718],[0.41722507 0.47512062 0.49634061 0.52014937 0.54382063 0.56585405 0.61226836 0.65103616 0.58536155],[0.3722262 0.46432161 0.52518892 0.58420268 0.65232975 0.68697479 0.75668449 0.78651685 0.78518519]
800,0.07364728274168791,[0.75115248 0.68581718 0.64063011 0.59755358 0.54054403 0.47604982 0.3762506 0.28462181 0.13099979],[0.78803419 0.74358974 0.7042735 0.66153846 0.60683761 0.54188034 0.44273504 0.33846154 0.15555556],[0.37067775 0.41787782 0.45751425 0.48706323 0.50188873 0.52720262 0.57479542 0.59377665 0.5170194],[0.33065596 0.41721854 0.49114522 0.55555556 0.6017094 0.65756303 0.73219373 0.78174603 0.73387097]
Model : 700
416,0.05755498674180773,[0.53420519 0.46333015 0.4302316 0.41124233 0.37320941 0.33453192 0.31319679 0.2756053 0.19620074],[0.55042735 0.48547009 0.44615385 0.42222222 0.38803419 0.35042735 0.32820513 0.28205128 0.2034188],[0.75355635 0.75974689 0.79281172 0.78441291 0.73015806 0.73095906 0.73359788 0.70524691 0.57716049],[0.86298077 0.88921283 0.92592593 0.925 0.91472868 0.90948276 0.90697674 0.8972973 0.83216783]
736,0.06912886654889142,[0.57959396 0.50752541 0.45868013 0.38264446 0.32845052 0.26571049 0.18627671 0.10983122 0.04186604],[0.63931624 0.56752137 0.51965812 0.44786325 0.38632479 0.31623932 0.22564103 0.13846154 0.05641026],[0.57968903 0.61041742 0.64504382 0.63014683 0.64064868 0.6525686 0.59090909 0.5118471 0.27700617],[0.69449082 0.77173913 0.82585752 0.82608696 0.81785714 0.81938326 0.79640719 0.70689655 0.44155844]
768,0.07199937325936777,[0.56541392 0.50018122 0.44559736 0.38108985 0.32165724 0.26274873 0.18723593 0.10961025 0.03723242],[0.63418803 0.56752137 0.51623932 0.44786325 0.38119658 0.31452991 0.22564103 0.13504274 0.04957265],[0.57370687 0.58457526 0.61625295 0.64170406 0.63444824 0.64016145 0.60704532 0.49976597 0.22345679],[0.69934641 0.7473904 0.79441624 0.81481481 0.80797101 0.81333333 0.7797619 0.68421053 0.39189189]
800,0.07342480730127406,[0.56501448 0.49530955 0.44120582 0.38132257 0.3161468 0.26414142 0.20272037 0.10389649 0.02641632],[0.62735043 0.56068376 0.50598291 0.44273504 0.37435897 0.31623932 0.24444444 0.13162393 0.03760684],[0.56192059 0.61008261 0.630519 0.6525381 0.63210239 0.59165536 0.58935419 0.4382716 0.17669753],[0.66666667 0.76109937 0.79328165 0.8117284 0.81716418 0.81140351 0.79888268 0.66956522 0.31884058]
Model : 750
416,0.0569254027472602,[0.43639922 0.39597098 0.36111754 0.33484742 0.30442617 0.28493022 0.26800367 0.23598172 0.16612157],[0.46324786 0.42222222 0.38461538 0.35555556 0.32307692 0.3008547 0.27863248 0.24444444 0.17435897],[0.69578551 0.69992369 0.70684497 0.66271719 0.63181952 0.60185185 0.58281893 0.56390292 0.47839506],[0.84196185 0.87171053 0.88679245 0.88163265 0.87837838 0.87378641 0.86387435 0.84210526 0.78030303]
736,0.07005457083384196,[0.60524825 0.55278807 0.50257812 0.47007617 0.4155106 0.34554902 0.27717374 0.17121805 0.06292625],[0.67008547 0.62051282 0.57094017 0.53504274 0.47692308 0.40512821 0.32820513 0.21367521 0.08888889],[0.59400346 0.63276199 0.63196858 0.64152613 0.6608377 0.68579873 0.63412544 0.53902784 0.31944444],[0.73863636 0.79012346 0.81428571 0.83641161 0.85626911 0.86181818 0.84955752 0.80128205 0.57777778]
768,0.07170278054696543,[0.61483477 0.54141955 0.49298363 0.44789175 0.40136048 0.34109569 0.25433633 0.17107266 0.07249531],[0.67179487 0.61025641 0.56923077 0.51794872 0.46666667 0.4034188 0.31623932 0.21880342 0.0957265],[0.58864418 0.61107494 0.64069018 0.66079336 0.66071638 0.64911421 0.61757101 0.57608025 0.38271605],[0.70364501 0.77432712 0.8028169 0.82666667 0.84545455 0.85 0.84545455 0.80503145 0.62222222]
800,0.07279565599229601,[0.61025942 0.53782863 0.46860708 0.42767673 0.37007258 0.31137836 0.24459424 0.16906798 0.05656388],[0.67008547 0.60512821 0.54700855 0.5025641 0.44102564 0.37435897 0.3042735 0.20854701 0.07692308],[0.54124137 0.58049525 0.58065956 0.60341299 0.6181718 0.5966219 0.60077744 0.56895944 0.33796296],[0.67073171 0.73622047 0.76146789 0.80913978 0.81931464 0.83082707 0.8372093 0.80263158 0.54216867]
Model : 800
416,0.05666625941241229,[0.55611205 0.51095204 0.47015096 0.43621979 0.41369604 0.38653324 0.36253336 0.31923771 0.24335517],[0.6 0.54871795 0.5025641 0.46324786 0.43931624 0.41538462 0.38803419 0.33675214 0.25299145],[0.70310795 0.72032109 0.71951035 0.71929498 0.72471006 0.74518398 0.72694605 0.70966277 0.68518519],[0.74163569 0.80373832 0.8401084 0.85932722 0.875 0.89605735 0.90310078 0.90990991 0.89759036]
736,0.07157342522232621,[0.7697595 0.70408007 0.64373626 0.58847943 0.54784887 0.48422752 0.42157398 0.33568327 0.19717407],[0.81025641 0.75555556 0.7008547 0.64615385 0.6 0.54188034 0.48034188 0.38803419 0.23760684],[0.49331393 0.53263532 0.55266446 0.5832993 0.60664283 0.61683915 0.66308236 0.63825896 0.60297419],[0.41721854 0.52777778 0.60806916 0.67247387 0.72064777 0.76978417 0.81609195 0.82481752 0.83233533]
768,0.07235146010363544,[0.78041313 0.69504625 0.64558932 0.59386209 0.54402063 0.48677342 0.42878714 0.33632056 0.18983723],[0.81709402 0.74358974 0.6974359 0.64273504 0.5965812 0.54700855 0.48717949 0.39145299 0.23760684],[0.46141318 0.50648815 0.53393268 0.55261014 0.62017828 0.62668473 0.68443153 0.70734848 0.57355813],[0.37804076 0.49431231 0.57506702 0.63651316 0.71912351 0.77068558 0.82102273 0.8619403 0.80813953]
800,0.07386989063686794,[0.78112257 0.70249904 0.64953279 0.5983414 0.53933765 0.48194542 0.40113824 0.28615444 0.18053712],[0.81538462 0.74358974 0.6974359 0.64444444 0.59487179 0.52991453 0.45641026 0.34700855 0.23076923],[0.42540037 0.47303015 0.51468419 0.53794088 0.57447412 0.62245218 0.66945657 0.63187962 0.5688786],[0.35170279 0.46646943 0.55221932 0.61858974 0.67760618 0.74641148 0.78994083 0.82186235 0.80722892]
Model : 850
416,0.056332539629053185,[0.52249758 0.47596636 0.44948932 0.42853864 0.395902 0.37710506 0.33865987 0.30868606 0.25747833],[0.56410256 0.51452991 0.48547009 0.45982906 0.42564103 0.40512821 0.36068376 0.32991453 0.27521368],[0.72140982 0.72555066 0.71182385 0.69694731 0.69620711 0.69439634 0.70049169 0.67472008 0.59317426],[0.80125523 0.84910486 0.85269122 0.85669782 0.87586207 0.87912088 0.8879668 0.88636364 0.86243386]
736,0.07103640503353542,[0.72516619 0.66410282 0.62469672 0.59074382 0.5559785 0.49538453 0.45342163 0.38876409 0.25159911],[0.78461538 0.72991453 0.69230769 0.65641026 0.62222222 0.56581197 0.51794872 0.44957265 0.31111111],[0.52212392 0.56278021 0.5749653 0.5827125 0.59687315 0.61730309 0.63254951 0.64521065 0.58408289],[0.49775382 0.58663366 0.65250379 0.69284468 0.74302789 0.78971963 0.81052632 0.828125 0.84651163]
768,0.07183278931511773,[0.71534656 0.64660075 0.60674225 0.56954673 0.52394649 0.49668088 0.44783975 0.38549007 0.26971956],[0.77948718 0.71623932 0.67521368 0.63760684 0.59316239 0.56752137 0.52136752 0.44957265 0.32478632],[0.47452235 0.51914804 0.56155971 0.56874441 0.58368557 0.59845228 0.63956735 0.68714239 0.67972963],[0.45625511 0.55331754 0.6264881 0.68149466 0.72131148 0.77136259 0.81233244 0.84193548 0.8630137]
800,0.07372143975010624,[0.72143594 0.66506759 0.60459105 0.56644268 0.53117579 0.49334408 0.42834613 0.35748172 0.24249264],[0.78290598 0.72307692 0.67692308 0.63760684 0.6034188 0.56581197 0.4991453 0.42564103 0.2957265],[0.44109001 0.49663411 0.5164351 0.54936051 0.58171151 0.60077458 0.6218594 0.62616886 0.62238903],[0.419279 0.52691867 0.58967001 0.64726027 0.70974155 0.76484018 0.78763441 0.82608696 0.83495146]
Model : 900
416,0.05698087921849004,[0.53962015 0.47375801 0.44924777 0.42640781 0.39242204 0.3598589 0.33548325 0.30958341 0.25879024],[0.55897436 0.49230769 0.46837607 0.44444444 0.41025641 0.37948718 0.35213675 0.32136752 0.26495726],[0.65276595 0.66655577 0.72458113 0.71397814 0.64980378 0.62823912 0.62257061 0.62649177 0.55541526],[0.7397541 0.77974684 0.81766382 0.834375 0.82608696 0.83955224 0.85833333 0.86976744 0.84615385]
736,0.07138806802255136,[0.70345669 0.63928814 0.60341025 0.54404845 0.50661926 0.45015832 0.40533433 0.34476875 0.20702524],[0.74529915 0.69059829 0.65641026 0.6 0.56752137 0.50940171 0.45982906 0.39316239 0.24615385],[0.48726402 0.51818462 0.53946593 0.55228057 0.57896428 0.61307263 0.63926516 0.66810832 0.60679012],[0.50242014 0.58431373 0.6265625 0.66176471 0.71215352 0.74686717 0.77971014 0.82142857 0.80446927]
768,0.07285130023956299,[0.7010516 0.63663199 0.59347419 0.54351996 0.49872767 0.44539763 0.38457512 0.30688867 0.22858524],[0.74529915 0.68376068 0.64273504 0.6017094 0.55384615 0.51111111 0.44957265 0.36923077 0.27692308],[0.44669283 0.48448697 0.51985884 0.54641842 0.58630488 0.596907 0.60825192 0.60820184 0.60265753],[0.47181818 0.55771725 0.61428571 0.66048237 0.69296375 0.72463768 0.75792507 0.7826087 0.7826087]
800,0.07412922823870624,[0.70592153 0.63551948 0.57416532 0.53953017 0.49398684 0.45298997 0.3753414 0.29380233 0.1924486],[0.74700855 0.68205128 0.62735043 0.59316239 0.55042735 0.50769231 0.43247863 0.34529915 0.23247863],[0.43259453 0.4645889 0.49440933 0.52790464 0.55120763 0.59478979 0.57168541 0.60736558 0.53694885],[0.44917463 0.52676399 0.57798165 0.6218638 0.66736402 0.71601942 0.73255814 0.75092937 0.76836158]