Model : 200
416,0.05725849116290057,[0.20583844 0.13236689 0.09601703 0.07139787 0.05731834 0.03769882 0.02109862 0.00888515 0.],[0.1982906 0.13504274 0.1008547 0.07350427 0.05811966 0.03760684 0.02051282 0.00683761 0.],[0.43240975 0.32217078 0.27691799 0.22495591 0.21234568 0.15277778 0.12962963 0.07407407 0.],[0.48605578 0.54861111 0.53211009 0.47252747 0.43037975 0.31884058 0.20338983 0.07407407 0.]
608,0.060685034151430485,[0.23020408 0.15603596 0.10769225 0.07575951 0.04997387 0.03977053 0.02514332 0.00294118 0.],[0.20512821 0.15213675 0.10598291 0.07863248 0.04957265 0.03931624 0.02564103 0.0034188 0.],[0.24737611 0.25954586 0.25653718 0.24170875 0.18580247 0.20304233 0.15679012 0.02777778 0.],[0.31851852 0.39393939 0.41216216 0.41818182 0.3452381 0.32394366 0.23809524 0.03636364 0.]
640,0.06231413064179597,[0.21369802 0.16527544 0.12870301 0.08239681 0.05432319 0.03635731 0.01840051 0.00608811 0.00108932],[0.19145299 0.14700855 0.11623932 0.07863248 0.05128205 0.03418803 0.01880342 0.00683761 0.0017094],[0.24970824 0.24178191 0.28149618 0.26759259 0.2042769 0.15216049 0.0787037 0.05555556 0.01851852],[0.28863636 0.37974684 0.43037975 0.42592593 0.37037037 0.28571429 0.17460317 0.07272727 0.01851852]
672,0.06401812147211146,[0.21333989 0.15416382 0.12272619 0.08431456 0.06625555 0.04183309 0.00902929 0.0040305 0.00108932],[0.18461538 0.13504274 0.11111111 0.07179487 0.05470085 0.03247863 0.01025641 0.00512821 0.0017094],[0.21251434 0.22422083 0.27296669 0.25252525 0.2287037 0.13271605 0.04938272 0.0308642 0.01851852],[0.25382932 0.32644628 0.40384615 0.37614679 0.36904762 0.25714286 0.10169492 0.05357143 0.01851852]
704,0.06288846775337502,[0.18778529 0.13892494 0.10772593 0.06119019 0.04584956 0.02537219 0.008061 0.00479303 0.00185185],[0.16923077 0.12649573 0.0974359 0.05982906 0.04615385 0.02735043 0.01025641 0.00512821 0.0017094],[0.22149291 0.22448695 0.22758106 0.21841564 0.17248677 0.10895062 0.05092593 0.02777778 0.01851852],[0.24835165 0.32478632 0.35582822 0.33980583 0.32926829 0.22535211 0.10169492 0.05357143 0.01851852]
Model : 250
416,0.05699928601582845,[0.43877063 0.31859072 0.26950594 0.23038191 0.17667456 0.13374176 0.09228144 0.04333584 0.0107352],[0.47521368 0.34358974 0.28717949 0.24273504 0.18119658 0.13333333 0.09059829 0.04444444 0.00854701],[0.59180506 0.60510537 0.64381285 0.647116 0.5755438 0.53395062 0.41296296 0.25925926 0.09259259],[0.61983471 0.70307167 0.74449339 0.78651685 0.75539568 0.72641509 0.61176471 0.39393939 0.09259259]
608,0.060758904174522115,[0.561623 0.48223307 0.39272229 0.33346533 0.24856326 0.18698163 0.10225 0.04750018 0.01235476],[0.61367521 0.52307692 0.44102564 0.37606838 0.28376068 0.22051282 0.12820513 0.06153846 0.01880342],[0.47813564 0.51465454 0.54415864 0.5733478 0.59029837 0.53649691 0.45599647 0.29012346 0.09259259],[0.4679089 0.54817276 0.61484919 0.65853659 0.73451327 0.76331361 0.66964286 0.48 0.18333333]
640,0.06229572384445756,[0.57469305 0.46810164 0.39122941 0.33477783 0.26269448 0.18589809 0.11159589 0.05772752 0.00629388],[0.61709402 0.51111111 0.43931624 0.37435897 0.2974359 0.20683761 0.12991453 0.07350427 0.01025641],[0.46524208 0.48287656 0.52347922 0.54608826 0.55246045 0.53910935 0.49090909 0.35325477 0.03703704],[0.44069431 0.52006173 0.58424508 0.64880952 0.70040486 0.73780488 0.69724771 0.5375 0.10344828]
672,0.06527748372819689,[0.5834473 0.48469817 0.40622441 0.33625256 0.2691532 0.17765805 0.12601535 0.04946549 0.00733025],[0.62051282 0.52991453 0.44957265 0.37948718 0.30598291 0.21025641 0.15213675 0.06495726 0.01196581],[0.44168542 0.50438297 0.54239372 0.58587852 0.57508006 0.52706129 0.50350575 0.2537037 0.03703704],[0.41254417 0.50658858 0.57749469 0.65306122 0.70355731 0.71929825 0.7295082 0.475 0.11864407]
704,0.06566614574856228,[0.58034579 0.4958047 0.40027584 0.33122637 0.26367367 0.17702027 0.09608967 0.04895453 0.00630144],[0.61538462 0.53162393 0.45470085 0.38632479 0.30940171 0.21367521 0.12307692 0.06324786 0.01025641],[0.40782323 0.48650415 0.50675422 0.5302204 0.55196146 0.51265666 0.41899551 0.30387205 0.03703704],[0.38467678 0.48266667 0.55705996 0.64345404 0.69230769 0.70857143 0.66055046 0.48684211 0.10344828]
Model : 300
416,0.05736995626378943,[0.54994537 0.4662602 0.40183727 0.34268798 0.29953601 0.25016321 0.19241639 0.13758198 0.08127838],[0.5982906 0.50598291 0.43760684 0.37606838 0.32820513 0.27350427 0.21367521 0.15213675 0.08376068],[0.67353463 0.70423991 0.74825598 0.74344503 0.72242798 0.66430041 0.59465021 0.55059524 0.43981481],[0.70736086 0.77721519 0.84244373 0.86046512 0.8853211 0.86885246 0.83221477 0.77391304 0.6125]
608,0.06066650372964365,[0.71957176 0.64612208 0.56917541 0.49241377 0.4047563 0.34719575 0.25529142 0.14610004 0.05847611],[0.78632479 0.71282051 0.63589744 0.56068376 0.47008547 0.4034188 0.3025641 0.17777778 0.07692308],[0.58306145 0.62219203 0.65360807 0.6694509 0.67949221 0.74689921 0.67923948 0.62885802 0.37037037],[0.52853134 0.60634082 0.67600701 0.74496644 0.8057971 0.87084871 0.87192118 0.8125 0.56962025]
640,0.06212940039458098,[0.72806931 0.640921 0.56340263 0.50073702 0.42501914 0.34754443 0.26110093 0.14250237 0.06290064],[0.7982906 0.71111111 0.63076923 0.56410256 0.48376068 0.3965812 0.3025641 0.17606838 0.08376068],[0.5592031 0.60108679 0.61594976 0.64644332 0.67623155 0.67961994 0.69578751 0.60679012 0.35648148],[0.48726655 0.5792142 0.6605042 0.72435897 0.79387187 0.81690141 0.84688995 0.8046875 0.57647059]
672,0.06524000344453035,[0.74023785 0.67397624 0.59143871 0.53275922 0.43820798 0.34250808 0.24977549 0.13821409 0.04744289],[0.8034188 0.74358974 0.65811966 0.59316239 0.4974359 0.39487179 0.29401709 0.16581197 0.06666667],[0.54802178 0.59195155 0.60580016 0.64462064 0.67546357 0.73264467 0.74938272 0.58858025 0.30493827],[0.45740599 0.55542857 0.64375 0.716 0.76683938 0.84172662 0.87309645 0.78861789 0.5]
704,0.06735151343875462,[0.71676002 0.65995718 0.59409154 0.52138006 0.42951534 0.33587899 0.23838376 0.11544234 0.04547608],[0.78803419 0.72649573 0.66324786 0.59145299 0.49401709 0.39145299 0.28547009 0.15042735 0.06324786],[0.52644524 0.54713925 0.58080835 0.63334562 0.63580879 0.64230034 0.6432257 0.47266314 0.29166667],[0.43560058 0.51657754 0.6070901 0.68992248 0.73857868 0.78694158 0.8226601 0.72727273 0.48684211]
Model : 350
416,0.05751813341070105,[0.65460123 0.57030377 0.50470605 0.46042421 0.40156104 0.34709301 0.29407506 0.21495356 0.12779574],[0.70598291 0.61880342 0.54871795 0.4957265 0.43589744 0.37264957 0.31965812 0.23247863 0.13675214],[0.6582259 0.68444492 0.72000059 0.73886877 0.71899757 0.72038908 0.69898522 0.66053057 0.56018519],[0.67148489 0.75 0.81481481 0.84153005 0.85993485 0.86220472 0.87155963 0.8447205 0.75471698]
608,0.06042574511633979,[0.7688569 0.67292655 0.61755099 0.56746336 0.48247032 0.40948744 0.32473774 0.23088636 0.0822763],[0.82735043 0.74188034 0.68547009 0.63247863 0.54871795 0.47008547 0.37948718 0.27179487 0.1025641],[0.49164824 0.53533142 0.58502042 0.63316488 0.63591773 0.63525077 0.6465364 0.63174603 0.40555556],[0.4552295 0.52235551 0.59601707 0.67921147 0.73853211 0.8 0.83834586 0.83684211 0.64516129]
640,0.06224023854290998,[0.78995338 0.69034286 0.62147838 0.55708513 0.50280863 0.40952183 0.32471578 0.19563871 0.07813279],[0.84102564 0.75042735 0.68205128 0.62393162 0.56581197 0.47350427 0.37606838 0.23418803 0.09401709],[0.46618832 0.51360886 0.56002826 0.62223386 0.63946837 0.62910414 0.63763723 0.59593621 0.41049383],[0.41184573 0.49638056 0.57945205 0.66607774 0.71610169 0.76839237 0.81985294 0.81764706 0.625]
672,0.06557371881273058,[0.78471919 0.67904202 0.61298139 0.55841278 0.49492513 0.42665604 0.34567114 0.18374531 0.06608396],[0.84273504 0.75726496 0.69059829 0.62905983 0.56410256 0.49059829 0.4 0.22735043 0.08888889],[0.43227648 0.47975879 0.54385859 0.59895386 0.63655999 0.6391181 0.61532513 0.57201646 0.33333333],[0.3807074 0.46404602 0.54417414 0.63893511 0.69278351 0.7539267 0.78 0.79166667 0.59090909]
704,0.06768489325488056,[0.7888288 0.69719011 0.62346829 0.55688207 0.4854269 0.40108793 0.27479576 0.17799125 0.04783058],[0.84444444 0.76239316 0.6957265 0.62905983 0.55726496 0.47008547 0.32991453 0.22393162 0.06666667],[0.40339443 0.45527899 0.51140415 0.56914825 0.62263085 0.63975473 0.57877077 0.54190013 0.24179894],[0.35933806 0.43424537 0.50823529 0.59624413 0.68453608 0.75 0.74329502 0.75862069 0.46987952]
Model : 400
416,0.0571478252057676,[0.43394748 0.36582061 0.30277521 0.27441811 0.22096445 0.1798541 0.13731236 0.09837293 0.04244454],[0.47692308 0.4 0.32820513 0.29401709 0.23760684 0.19487179 0.14871795 0.1042735 0.04615385],[0.66473778 0.69157191 0.69060112 0.68239939 0.67098765 0.63888889 0.55555556 0.44444444 0.27777778],[0.72422062 0.81605351 0.84482759 0.86069652 0.86335404 0.85185185 0.78571429 0.67032967 0.40909091]
608,0.060518225034077965,[0.59623007 0.52811951 0.48816516 0.43497041 0.39638964 0.32778909 0.24656619 0.14275431 0.03423707],[0.66324786 0.5982906 0.55042735 0.4957265 0.44957265 0.37264957 0.28205128 0.16752137 0.04102564],[0.57361935 0.58797114 0.59855723 0.61364139 0.65212072 0.65375627 0.65015432 0.54938272 0.2962963],[0.59929907 0.67207792 0.71907757 0.76666667 0.8369906 0.85826772 0.87301587 0.79674797 0.38709677]
640,0.06216633319854736,[0.62264642 0.55324063 0.51189231 0.4585686 0.38727189 0.32029122 0.24183938 0.13063122 0.02929601],[0.68888889 0.61880342 0.57435897 0.51452991 0.44273504 0.36752137 0.28205128 0.15384615 0.03931624],[0.55064008 0.58419416 0.60748134 0.60997321 0.61518918 0.62727674 0.63754342 0.60288066 0.31481481],[0.5712743 0.67711599 0.73861386 0.78378378 0.81651376 0.83984375 0.84102564 0.79646018 0.38333333]
672,0.0658142125165021,[0.63367969 0.57761384 0.53139207 0.48599174 0.42887544 0.34582719 0.26129935 0.14340591 0.03122779],[0.7042735 0.64444444 0.59316239 0.55384615 0.48717949 0.3965812 0.3042735 0.16923077 0.04102564],[0.51957381 0.56446875 0.58786355 0.60052492 0.61105832 0.63048207 0.64731041 0.55493827 0.31481481],[0.52589641 0.63753582 0.70127505 0.7483731 0.78378378 0.84057971 0.86341463 0.79032258 0.39344262]
704,0.06712909539540608,[0.64324955 0.57755616 0.529886 0.47829965 0.42864311 0.3328509 0.23587627 0.15148573 0.01893303],[0.70940171 0.64273504 0.6034188 0.55042735 0.4957265 0.39316239 0.28034188 0.18461538 0.02735043],[0.51636029 0.55425576 0.57459911 0.5812124 0.59692772 0.58456127 0.60056584 0.57389771 0.22222222],[0.51755176 0.61324503 0.6894198 0.73233405 0.77720207 0.81205674 0.83163265 0.80451128 0.27586207]
Model : 450
416,0.057295918464660645,[0.45635345 0.38867673 0.3415118 0.31537272 0.28146424 0.24706064 0.21288724 0.16466106 0.1037014],[0.4991453 0.42735043 0.37777778 0.34871795 0.30940171 0.26837607 0.23076923 0.17777778 0.10769231],[0.69870233 0.70563846 0.68401609 0.68442828 0.66419753 0.66637205 0.65509259 0.54398148 0.43981481],[0.80331754 0.85185185 0.86813187 0.88429752 0.87619048 0.86956522 0.87179487 0.8 0.67021277]
608,0.0608516843230636,[0.59323927 0.54499721 0.4876376 0.43137228 0.37973819 0.34096239 0.28469293 0.21098384 0.10786527],[0.67179487 0.62051282 0.55897436 0.5025641 0.44102564 0.3982906 0.33675214 0.25470085 0.13333333],[0.56826087 0.59088732 0.61183362 0.63683375 0.64055068 0.64810406 0.66111759 0.59090909 0.47266314],[0.65821095 0.71727749 0.76939655 0.8310992 0.84012539 0.86330935 0.87610619 0.85142857 0.72222222]
640,0.06255514091915554,[0.60560909 0.54297537 0.48886886 0.45128176 0.41007612 0.36393104 0.30577343 0.21069353 0.09880607],[0.67521368 0.61538462 0.56068376 0.52136752 0.47863248 0.42735043 0.36239316 0.25982906 0.12478632],[0.57250956 0.60528786 0.6188531 0.61712403 0.62006181 0.64070598 0.65858478 0.59694164 0.49118166],[0.64267016 0.71657754 0.75974026 0.80150754 0.81948424 0.84615385 0.88016529 0.84916201 0.71568627]
672,0.06583298135686803,[0.61027186 0.53960858 0.49973605 0.47843212 0.43353246 0.37065675 0.30909319 0.22677545 0.09800941],[0.68034188 0.61196581 0.57264957 0.54700855 0.5008547 0.43247863 0.36410256 0.27350427 0.12649573],[0.55215899 0.57525999 0.59455206 0.61850677 0.63247215 0.62008594 0.64714653 0.6192171 0.47916667],[0.60121212 0.68106312 0.73346693 0.78088578 0.81300813 0.82051282 0.84462151 0.85561497 0.7184466]
704,0.06788837468182599,[0.61703545 0.55047204 0.50536985 0.46236877 0.42389491 0.35398846 0.27822106 0.20081613 0.08916955],[0.68717949 0.62222222 0.57435897 0.53162393 0.49059829 0.41367521 0.33675214 0.24615385 0.11794872],[0.53927379 0.55522949 0.58647736 0.60840441 0.59234229 0.61423985 0.59184982 0.58304473 0.45491623],[0.58715596 0.65224111 0.70599613 0.76102088 0.78342246 0.78964401 0.83122363 0.84302326 0.68316832]
Model : 500
416,0.05744400289323595,[0.39577117 0.35133259 0.30925443 0.27545636 0.25176848 0.22532209 0.1914054 0.15217805 0.10321781],[0.42393162 0.37435897 0.32649573 0.29059829 0.25982906 0.23076923 0.19487179 0.15042735 0.1042735],[0.73530539 0.71648321 0.73166746 0.7154321 0.68657407 0.63917549 0.59799383 0.55026455 0.38425926],[0.84164223 0.86940299 0.86956522 0.86764706 0.8603352 0.83435583 0.82142857 0.77192982 0.64210526]
608,0.06088856856028239,[0.62156337 0.55038607 0.50837177 0.45727626 0.41043828 0.36561901 0.30295599 0.22733401 0.1113036],[0.67692308 0.60854701 0.56239316 0.50598291 0.45299145 0.41025641 0.34871795 0.26153846 0.12820513],[0.64287274 0.6649147 0.66847751 0.66231171 0.70140197 0.68976317 0.67781385 0.63015986 0.50925926],[0.71016692 0.76134122 0.79582367 0.82336957 0.84810127 0.86690647 0.87234043 0.85082873 0.73786408]
640,0.06231459423347756,[0.62300685 0.56945076 0.5227143 0.47400421 0.41678273 0.36640126 0.29880664 0.22000615 0.11190912],[0.67692308 0.62051282 0.57264957 0.52649573 0.47008547 0.41709402 0.34358974 0.25811966 0.12991453],[0.63773647 0.66123121 0.67877228 0.68866761 0.69373461 0.68214587 0.66853255 0.64537037 0.52407407],[0.68879056 0.73743017 0.76572668 0.79197995 0.82163743 0.84827586 0.8559322 0.85393258 0.73786408]
672,0.06583297694170917,[0.63060715 0.57601046 0.53848048 0.48455964 0.4253348 0.38397739 0.33438689 0.24531165 0.11528674],[0.69059829 0.63589744 0.6 0.54700855 0.48034188 0.43247863 0.37948718 0.28376068 0.13504274],[0.58178256 0.6198369 0.6562944 0.66027154 0.66766749 0.69775399 0.68500882 0.64992651 0.48559671],[0.64179104 0.70870337 0.76604555 0.784689 0.8125 0.84437086 0.86821705 0.86979167 0.72477064]
704,0.06764788980837222,[0.65913401 0.58945831 0.53339253 0.49212369 0.44477962 0.37633323 0.3098632 0.22111663 0.10185991],[0.71794872 0.64957265 0.59145299 0.55213675 0.4957265 0.42735043 0.35897436 0.26495726 0.12991453],[0.55788429 0.58934714 0.62893847 0.63363514 0.63781868 0.65023379 0.6382863 0.61265432 0.49197531],[0.61403509 0.66938111 0.7296748 0.75345622 0.78532609 0.80194805 0.82213439 0.81481481 0.71698113]
Model : 550
416,0.05685136936329029,[0.52985085 0.46918989 0.42307386 0.39353856 0.35551336 0.32619284 0.29430007 0.23684049 0.16753974],[0.55897436 0.49230769 0.44615385 0.41538462 0.37264957 0.34529915 0.30940171 0.25470085 0.17606838],[0.67058203 0.66627113 0.66664122 0.68526235 0.68182404 0.65442387 0.65392015 0.6117284 0.56481481],[0.70643939 0.7605985 0.78674352 0.82550336 0.84615385 0.85416667 0.86729858 0.84745763 0.80952381]
608,0.06055516666836209,[0.70926668 0.65398193 0.6260644 0.57656354 0.53519986 0.4900378 0.42623233 0.33895377 0.17360398],[0.76752137 0.71452991 0.68888889 0.63589744 0.59487179 0.54871795 0.47863248 0.37948718 0.1982906],[0.55644636 0.59424032 0.62282387 0.62509411 0.6270445 0.64323949 0.67417606 0.66048447 0.61970899],[0.55194124 0.63814867 0.69558101 0.72916667 0.77242888 0.81108312 0.85151515 0.87401575 0.82269504]
640,0.06268458013181333,[0.72263507 0.6778937 0.64043454 0.58508192 0.55340962 0.48515579 0.42776962 0.34027668 0.16934749],[0.78290598 0.73333333 0.6957265 0.64102564 0.60512821 0.54358974 0.48205128 0.38119658 0.19316239],[0.53857346 0.57655186 0.60702257 0.62866471 0.62616792 0.61101803 0.61465241 0.62489445 0.61186067],[0.52739726 0.61248375 0.67346939 0.72523364 0.75847458 0.79404467 0.82748538 0.84528302 0.81884058]
672,0.06642529699537489,[0.72684081 0.68352605 0.64513683 0.59877713 0.55060413 0.50842444 0.44373563 0.34935054 0.17698511],[0.78974359 0.74529915 0.7042735 0.65641026 0.60683761 0.55897436 0.4991453 0.39487179 0.2017094],[0.48321628 0.5376024 0.55783178 0.55777976 0.57161317 0.62735276 0.64127067 0.64938205 0.55996473],[0.49318801 0.57280385 0.62244898 0.66211604 0.71142285 0.77725118 0.82122905 0.85501859 0.7972973]
704,0.0681474694499263,[0.75843378 0.69085842 0.65687223 0.62305984 0.56948475 0.5328711 0.43086356 0.3149805 0.15327885],[0.81367521 0.75384615 0.71623932 0.68205128 0.63589744 0.5982906 0.49230769 0.36581197 0.18632479],[0.46746206 0.51714714 0.55059389 0.58958164 0.62495526 0.60477732 0.60839108 0.62552155 0.57191358],[0.4565394 0.54330709 0.60493827 0.66831683 0.72762646 0.77192982 0.80222841 0.83011583 0.78985507]
Model : 600
416,0.05766606772387469,[0.39062725 0.33916761 0.31331135 0.27351319 0.25095929 0.22724508 0.18765681 0.15649876 0.108536],[0.42222222 0.36923077 0.34017094 0.2974359 0.27179487 0.24444444 0.2 0.16239316 0.11282051],[0.71784743 0.7073108 0.6802095 0.6848251 0.68606702 0.69642857 0.64444444 0.58641975 0.44444444],[0.86363636 0.88326848 0.88510638 0.88557214 0.8852459 0.88819876 0.8540146 0.80508475 0.6875]
608,0.061166087786356606,[0.5932008 0.5600173 0.51988581 0.47908969 0.4271697 0.37849065 0.30357642 0.21915514 0.09219636],[0.65299145 0.61880342 0.57777778 0.53162393 0.47692308 0.42222222 0.34358974 0.24786325 0.10769231],[0.68352772 0.71324397 0.72739989 0.72161148 0.705016 0.70895316 0.71155136 0.67572016 0.47479424],[0.79086116 0.83682008 0.85273159 0.864 0.86706949 0.87412587 0.88986784 0.85798817 0.67021277]
640,0.06348104830141421,[0.59999208 0.56037768 0.52204204 0.48026907 0.43960857 0.38251666 0.29658944 0.19933815 0.07242209],[0.66666667 0.62051282 0.58119658 0.53846154 0.4957265 0.43418803 0.33846154 0.23589744 0.08888889],[0.70076171 0.71188725 0.72902403 0.72844429 0.69843785 0.69612319 0.69847082 0.64944932 0.41898148],[0.78088962 0.83127572 0.85981308 0.87335092 0.87573964 0.88275862 0.87665198 0.83636364 0.61176471]
672,0.06705545496057581,[0.62249807 0.549379 0.52038616 0.48292419 0.44335097 0.38294678 0.3024005 0.18405273 0.05781585],[0.68034188 0.61367521 0.58632479 0.54700855 0.5025641 0.44273504 0.34700855 0.21709402 0.07521368],[0.67878455 0.65993018 0.69113043 0.70512118 0.67993767 0.6867756 0.70761985 0.62292769 0.34053498],[0.75280899 0.78019802 0.82004556 0.85051546 0.85428571 0.87 0.87878788 0.81935484 0.53658537]
704,0.0654998090532091,[0.62349176 0.57035762 0.52873177 0.46883458 0.41515158 0.34637556 0.28376309 0.1719863 0.05939222],[0.68547009 0.63076923 0.59316239 0.53162393 0.47521368 0.40512821 0.33675214 0.21025641 0.07692308],[0.64425927 0.65554307 0.65933313 0.67682404 0.70119566 0.68203008 0.66726237 0.57609494 0.31882716],[0.74923547 0.77988615 0.81359649 0.83419689 0.84319527 0.85159011 0.84322034 0.79354839 0.53571429]
Model : 650
416,0.05759212264308223,[0.58950236 0.53492375 0.50564732 0.4831206 0.44710054 0.40036125 0.36228231 0.28898194 0.20462482],[0.62905983 0.57094017 0.53846154 0.50940171 0.47179487 0.42051282 0.37948718 0.31111111 0.21880342],[0.67985245 0.71075529 0.72025071 0.72787331 0.75056387 0.74008276 0.75441369 0.69906606 0.56604938],[0.72407733 0.8 0.84102564 0.85393258 0.87538941 0.87588652 0.888 0.8872549 0.81935484]
608,0.061407120139510545,[0.70872586 0.66341357 0.63366255 0.59869815 0.55452489 0.51596603 0.45955137 0.3513073 0.20171853],[0.76752137 0.72478632 0.6974359 0.66153846 0.61709402 0.57435897 0.51794872 0.3982906 0.22735043],[0.55187145 0.57363017 0.60096336 0.607982 0.62211737 0.64674621 0.70455457 0.68729717 0.64891975],[0.54077253 0.61793103 0.66932907 0.70304114 0.74239351 0.78240741 0.84166667 0.85036496 0.84713376]
640,0.062407091811851216,[0.71368063 0.66763346 0.63304941 0.6013625 0.5587766 0.5145431 0.44980526 0.35305217 0.18710538],[0.76923077 0.72820513 0.6957265 0.66153846 0.62222222 0.57435897 0.5042735 0.4034188 0.21709402],[0.5292287 0.54373773 0.57323826 0.58866336 0.5992757 0.62440736 0.65341245 0.65289173 0.64032922],[0.51111111 0.57915058 0.64976959 0.68402778 0.7281746 0.77220957 0.80601093 0.83392226 0.83006536]
672,0.06661028332180446,[0.73361178 0.68185063 0.64947738 0.60794694 0.56429407 0.51406141 0.44391839 0.3419924 0.16310722],[0.78803419 0.74871795 0.71623932 0.67692308 0.63076923 0.57606838 0.4957265 0.38461538 0.18974359],[0.50646801 0.52726446 0.54974878 0.57900097 0.59840001 0.62195895 0.65498666 0.69846419 0.62290564],[0.47294776 0.55421687 0.60992908 0.67058824 0.72298625 0.76470588 0.80779944 0.8490566 0.80434783]
704,0.06851815735852276,[0.73332256 0.69119927 0.65208958 0.61530004 0.55921588 0.49097253 0.41684958 0.30306543 0.14305157],[0.78974359 0.74871795 0.71282051 0.68034188 0.62564103 0.55384615 0.47863248 0.35384615 0.17606838],[0.47919356 0.52579508 0.54559059 0.5607723 0.59010011 0.59526604 0.61017722 0.62047189 0.54402557],[0.4317032 0.52906977 0.58668516 0.64297254 0.69491525 0.72197309 0.76944444 0.80784314 0.73571429]
Model : 700
416,0.056684661794591834,[0.53420519 0.46333015 0.4302316 0.41124233 0.37320941 0.33453192 0.31319679 0.2756053 0.19620074],[0.55042735 0.48547009 0.44615385 0.42222222 0.38803419 0.35042735 0.32820513 0.28205128 0.2034188],[0.75355635 0.75974689 0.79281172 0.78441291 0.73015806 0.73095906 0.73359788 0.70524691 0.57716049],[0.86298077 0.88921283 0.92592593 0.925 0.91472868 0.90948276 0.90697674 0.8972973 0.83216783]
608,0.061055152504532424,[0.56681614 0.51578264 0.46248344 0.41829582 0.3741667 0.31727758 0.25782664 0.16339318 0.08755697],[0.62735043 0.57606838 0.51452991 0.46837607 0.42051282 0.36410256 0.29401709 0.19316239 0.10598291],[0.65821428 0.68318318 0.70263456 0.70835382 0.69853892 0.67815736 0.68641975 0.5852598 0.45864198],[0.80645161 0.83409091 0.86021505 0.88307692 0.88541667 0.88047809 0.86764706 0.80821918 0.66315789]
640,0.06262879901462132,[0.56875908 0.50537549 0.45981356 0.41978713 0.36479015 0.30241579 0.24912685 0.14507622 0.07360276],[0.63076923 0.56410256 0.51623932 0.47521368 0.41538462 0.35384615 0.28888889 0.17094017 0.09401709],[0.63121661 0.66466054 0.70283431 0.6870219 0.67189028 0.62944465 0.6214696 0.52525098 0.35263749],[0.77943925 0.81860465 0.85753425 0.86585366 0.86267606 0.84897959 0.85 0.7593985 0.59574468]
672,0.06542574917828595,[0.57029306 0.52263187 0.45988739 0.416981 0.36319796 0.30582856 0.22067716 0.14882704 0.07617307],[0.63589744 0.58803419 0.52478632 0.47521368 0.41709402 0.35555556 0.26495726 0.18119658 0.0974359],[0.61522594 0.6446064 0.65225939 0.66347773 0.66453356 0.68903519 0.6179436 0.51103141 0.37561728],[0.75045537 0.80131004 0.82216495 0.84615385 0.85763889 0.87190083 0.83510638 0.76258993 0.59375]
704,0.06631430431648537,[0.57325466 0.50785455 0.45197114 0.39704097 0.32843358 0.26934449 0.20548132 0.11730333 0.05122181],[0.63247863 0.57435897 0.51794872 0.45811966 0.38461538 0.32307692 0.24615385 0.15042735 0.06666667],[0.60401533 0.64577684 0.6569301 0.65686841 0.66759645 0.62464466 0.60828791 0.52758784 0.28998316],[0.73469388 0.80042918 0.83505155 0.84520124 0.84386617 0.82894737 0.81818182 0.73333333 0.48148148]
Model : 750
416,0.05724019032937509,[0.43639922 0.39597098 0.36111754 0.33484742 0.30442617 0.28493022 0.26800367 0.23598172 0.16612157],[0.46324786 0.42222222 0.38461538 0.35555556 0.32307692 0.3008547 0.27863248 0.24444444 0.17435897],[0.69578551 0.69992369 0.70684497 0.66271719 0.63181952 0.60185185 0.58281893 0.56390292 0.47839506],[0.84196185 0.87171053 0.88679245 0.88163265 0.87837838 0.87378641 0.86387435 0.84210526 0.78030303]
608,0.06153662116439254,[0.59099466 0.54358093 0.51346564 0.46936331 0.44355354 0.37455796 0.28661152 0.20852572 0.11539965],[0.65470085 0.60683761 0.57435897 0.52478632 0.4974359 0.42564103 0.33504274 0.24615385 0.14188034],[0.64502644 0.67846756 0.69194543 0.69675284 0.71276532 0.64207819 0.61739418 0.5712522 0.44753086],[0.78521127 0.83585313 0.86699507 0.88300836 0.89759036 0.88501742 0.8722467 0.83815029 0.72413793]
640,0.06216602413742631,[0.62746734 0.56180575 0.51606092 0.46848545 0.42914358 0.36454113 0.29363452 0.208436 0.09129688],[0.68034188 0.61367521 0.57777778 0.53162393 0.48547009 0.42051282 0.34700855 0.24957265 0.10598291],[0.68650687 0.70669866 0.69906621 0.70000581 0.69937743 0.69393739 0.64960707 0.56975309 0.54166667],[0.79378069 0.83507307 0.85301205 0.87027027 0.88449848 0.89323843 0.87553648 0.83428571 0.69662921]
672,0.06609188185797797,[0.62137071 0.56349377 0.52968639 0.47235962 0.4051281 0.35447484 0.28313416 0.2015855 0.09017189],[0.68376068 0.62393162 0.58803419 0.53675214 0.46495726 0.41196581 0.33846154 0.24786325 0.11282051],[0.61125031 0.65310607 0.69943367 0.67918425 0.69686193 0.68675903 0.69041394 0.61375661 0.43312757],[0.75782537 0.81595092 0.84669811 0.85790885 0.86750789 0.87096774 0.88392857 0.85294118 0.67346939]
704,0.067851428632383,[0.61229338 0.5573471 0.5186624 0.46939421 0.41930462 0.33913223 0.27413753 0.16601337 0.06912614],[0.67863248 0.62735043 0.58803419 0.53675214 0.48547009 0.4017094 0.32478632 0.20512821 0.09230769],[0.62118417 0.61964739 0.63256843 0.64906986 0.66848299 0.65787998 0.65049462 0.58178257 0.40997942],[0.76948052 0.79074447 0.82258065 0.85 0.86646884 0.86330935 0.84513274 0.80536913 0.61363636]
Model : 800
416,0.05701794447722258,[0.55611205 0.51095204 0.47015096 0.43621979 0.41369604 0.38653324 0.36253336 0.31923771 0.24335517],[0.6 0.54871795 0.5025641 0.46324786 0.43931624 0.41538462 0.38803419 0.33675214 0.25299145],[0.70310795 0.72032109 0.71951035 0.71929498 0.72471006 0.74518398 0.72694605 0.70966277 0.68518519],[0.74163569 0.80373832 0.8401084 0.85932722 0.875 0.89605735 0.90310078 0.90990991 0.89759036]
608,0.06114768098901819,[0.72141782 0.67462166 0.63849518 0.60718223 0.55275868 0.51676846 0.45197717 0.36655949 0.2263343],[0.77264957 0.72478632 0.6991453 0.66324786 0.60854701 0.57435897 0.51452991 0.42393162 0.25982906],[0.58896657 0.60941513 0.62095527 0.64915487 0.66367344 0.67805695 0.68009087 0.6589897 0.69684009],[0.56921488 0.64411367 0.70483871 0.74321881 0.78601695 0.83014354 0.8627451 0.86759582 0.87428571]
640,0.06292552418178982,[0.73175258 0.69192148 0.6607333 0.62186011 0.58035941 0.52135688 0.4512219 0.36907052 0.22165393],[0.78119658 0.74017094 0.70940171 0.67008547 0.62905983 0.57606838 0.50940171 0.42222222 0.26324786],[0.58267356 0.61955437 0.64216548 0.65723447 0.67432376 0.6609505 0.67044552 0.69941816 0.69037444],[0.5325779 0.6319896 0.69135802 0.73920863 0.77777778 0.81560284 0.84269663 0.87279152 0.88505747]
672,0.06644384507779721,[0.75669439 0.71202473 0.67120242 0.60338451 0.56343542 0.49137909 0.43524941 0.3594479 0.21525051],[0.7982906 0.75726496 0.71965812 0.65982906 0.62222222 0.55384615 0.5008547 0.41709402 0.25811966],[0.54652172 0.57883616 0.60758608 0.61613865 0.64237587 0.65589901 0.65487561 0.67949114 0.64512052],[0.49492386 0.59316038 0.65935673 0.70877193 0.76530612 0.81527094 0.83661972 0.86524823 0.86285714]
704,0.06816634425410519,[0.77495091 0.70252322 0.66029765 0.60200912 0.55449966 0.49072959 0.43403601 0.318333 0.1703331],[0.81367521 0.75213675 0.71623932 0.65811966 0.61196581 0.54871795 0.49230769 0.37606838 0.21196581],[0.51283854 0.53594935 0.57164923 0.60212581 0.62864332 0.64986644 0.65716333 0.66734274 0.59985971],[0.45333333 0.54340474 0.62695035 0.70175439 0.75670103 0.78921569 0.82051282 0.84883721 0.81578947]
Model : 850
416,0.05720324427993209,[0.52249758 0.47596636 0.44948932 0.42853864 0.395902 0.37710506 0.33865987 0.30868606 0.25747833],[0.56410256 0.51452991 0.48547009 0.45982906 0.42564103 0.40512821 0.36068376 0.32991453 0.27521368],[0.72140982 0.72555066 0.71182385 0.69694731 0.69620711 0.69439634 0.70049169 0.67472008 0.59317426],[0.80125523 0.84910486 0.85269122 0.85669782 0.87586207 0.87912088 0.8879668 0.88636364 0.86243386]
608,0.06118478156902172,[0.67404682 0.63613848 0.60466671 0.56886705 0.54462651 0.51311273 0.47286429 0.427089 0.30649646],[0.74188034 0.7008547 0.66495726 0.63076923 0.60683761 0.57435897 0.53675214 0.48888889 0.35726496],[0.60080382 0.61292369 0.62207528 0.62468479 0.65566098 0.66667442 0.6776353 0.69925151 0.60378613],[0.61160714 0.68208092 0.73674912 0.76984127 0.80879121 0.83495146 0.86522911 0.88109756 0.8647541]
640,0.06262917430312545,[0.69539985 0.64082542 0.61211303 0.58135031 0.56017957 0.52430616 0.47951721 0.42311536 0.30534118],[0.76410256 0.71111111 0.68034188 0.64615385 0.62564103 0.58974359 0.53675214 0.48034188 0.35726496],[0.57540526 0.59102537 0.61492128 0.63058827 0.65733 0.6722951 0.69239284 0.70848932 0.68852146],[0.58074866 0.66285714 0.72588832 0.77011494 0.80168776 0.83333333 0.84986595 0.88161994 0.88607595]
672,0.06622181556842945,[0.69683217 0.64432509 0.61845153 0.59087277 0.55472997 0.51146044 0.46997577 0.40931895 0.31277567],[0.76410256 0.71452991 0.68547009 0.66153846 0.62564103 0.58290598 0.53846154 0.47521368 0.36581197],[0.55866869 0.59258977 0.61282353 0.62455302 0.64979002 0.61895873 0.6500624 0.67910856 0.68374253],[0.55923695 0.64468371 0.69529984 0.75 0.79281184 0.81775701 0.84251969 0.8597561 0.88477366]
704,0.06766617739642108,[0.70263052 0.65782464 0.6264183 0.57695532 0.5472787 0.50891144 0.45400012 0.37968629 0.25093207],[0.76752137 0.72820513 0.6957265 0.64957265 0.61880342 0.58119658 0.52307692 0.44786325 0.3025641],[0.54703288 0.58740641 0.59419557 0.60706483 0.63896536 0.63481749 0.65320958 0.63703945 0.61306584],[0.52891791 0.62405063 0.67526555 0.72924188 0.77661795 0.80373832 0.82887701 0.83809524 0.85576923]
Model : 900
416,0.05736994743347168,[0.53962015 0.47375801 0.44924777 0.42640781 0.39242204 0.3598589 0.33548325 0.30958341 0.25879024],[0.55897436 0.49230769 0.46837607 0.44444444 0.41025641 0.37948718 0.35213675 0.32136752 0.26495726],[0.65276595 0.66655577 0.72458113 0.71397814 0.64980378 0.62823912 0.62257061 0.62649177 0.55541526],[0.7397541 0.77974684 0.81766382 0.834375 0.82608696 0.83955224 0.85833333 0.86976744 0.84615385]
608,0.06085124722233525,[0.65412766 0.59841661 0.56361299 0.52871456 0.50997288 0.47921893 0.44575123 0.38067532 0.26577523],[0.71111111 0.65641026 0.62051282 0.58461538 0.56410256 0.53162393 0.4974359 0.43247863 0.2991453],[0.53780034 0.55955156 0.58811795 0.61564619 0.64113528 0.64000624 0.65400564 0.63324361 0.61651969],[0.58372642 0.64906832 0.69908257 0.73995772 0.76376147 0.7884131 0.81111111 0.82622951 0.82938389]
640,0.06259219734757035,[0.65489125 0.61837321 0.59243718 0.55898777 0.52846762 0.48840077 0.42990369 0.36540887 0.25007957],[0.70940171 0.67008547 0.64444444 0.61538462 0.58119658 0.54017094 0.48205128 0.41709402 0.29059829],[0.52931391 0.55456604 0.58929309 0.60317126 0.6320333 0.63465385 0.64424603 0.63473625 0.65831468],[0.56561086 0.63165468 0.68923611 0.72168906 0.75 0.77777778 0.80802292 0.82993197 0.84577114]
672,0.06598091125488281,[0.67660514 0.6371766 0.59895203 0.55713427 0.51405967 0.46811599 0.42248812 0.35949777 0.25894073],[0.72991453 0.69230769 0.64957265 0.60683761 0.57094017 0.52478632 0.47692308 0.41196581 0.3042735],[0.50842682 0.52752559 0.5636928 0.59069375 0.57721047 0.5969928 0.61266379 0.63955805 0.63549383],[0.53991597 0.6115007 0.67005076 0.69639469 0.71518987 0.75060533 0.77562327 0.80872483 0.85576923]
704,0.0680735155388161,[0.69713576 0.63016888 0.57326695 0.53431988 0.48963783 0.44422587 0.39093468 0.3237796 0.19996225],[0.74017094 0.68888889 0.63418803 0.5982906 0.55213675 0.5042735 0.44615385 0.37435897 0.24102564],[0.49252639 0.51989121 0.54098002 0.5758306 0.60985941 0.59092999 0.60624224 0.62640857 0.54349647],[0.51314508 0.59866667 0.63815789 0.68809074 0.73707865 0.75255102 0.77151335 0.81716418 0.79213483]