Model : 1000
416,0.05653904914855957,[0.48278062 0.42849769 0.3971737 0.36468616 0.34026471 0.30520752 0.27686005 0.23290219 0.17268751],[0.48822976 0.43691149 0.40301318 0.3700565 0.3413371 0.30555556 0.27259887 0.22928437 0.17043315],[0.67607797 0.67384696 0.68935543 0.68898977 0.70060591 0.70100364 0.70766973 0.70661905 0.64233333],[0.69385343 0.72591006 0.74637681 0.75784753 0.77337398 0.78488372 0.80347594 0.82 0.79347826]
736,0.06961934447288513,[0.74551252 0.69770429 0.66952178 0.63138667 0.6012379 0.56022763 0.50840283 0.43297241 0.27972527],[0.81403013 0.77589454 0.75376648 0.72222222 0.69256121 0.65301318 0.59981168 0.51883239 0.34274953],[0.45138851 0.49046356 0.52427352 0.54710093 0.58150068 0.61747552 0.6680606 0.69049769 0.69926347],[0.40428543 0.48509485 0.55602883 0.61797753 0.67785235 0.73533991 0.8011257 0.84846154 0.875]
768,0.07342460513114929,[0.75302676 0.71002285 0.67810188 0.63945103 0.59336118 0.54691162 0.48711909 0.40176166 0.27585381],[0.82344633 0.79190207 0.77024482 0.73728814 0.69821092 0.65630885 0.59369115 0.49858757 0.35169492],[0.44227146 0.48093194 0.51596546 0.54604407 0.57048315 0.61275345 0.66181333 0.68948507 0.66443948],[0.38256933 0.46923077 0.54636907 0.61297624 0.67182663 0.74120735 0.79886507 0.85483871 0.87779083]
800,0.07546481609344483,[0.7697283 0.72034435 0.68192935 0.6344128 0.59556563 0.54765745 0.4902585 0.40730315 0.27131533],[0.83521657 0.80084746 0.76741996 0.73210923 0.69585687 0.65254237 0.5913371 0.50612053 0.34745763],[0.42879145 0.4695249 0.49940373 0.52798742 0.5733737 0.61694545 0.64556816 0.66600367 0.65609744],[0.36541569 0.45861298 0.52756391 0.59140969 0.67065603 0.74549311 0.79101684 0.84603299 0.86925795]
Model : 1500
416,0.05775467872619629,[0.4076928 0.37319522 0.34899393 0.32432017 0.30123883 0.28054411 0.25423383 0.22169695 0.17616341],[0.44821092 0.41148776 0.38323917 0.35687382 0.33097928 0.30838041 0.27730697 0.24011299 0.19114878],[0.73517265 0.73777559 0.75357648 0.75311652 0.74582386 0.73216333 0.72281777 0.69918465 0.67316667],[0.84056761 0.85890152 0.8701973 0.88215103 0.88571429 0.88709677 0.88112927 0.86587436 0.84407484]
736,0.0700297474861145,[0.73149882 0.69652823 0.67682184 0.64431929 0.61279671 0.57984879 0.53521799 0.4730938 0.37026741],[0.80649718 0.78154426 0.76647834 0.74011299 0.71374765 0.67984934 0.63229755 0.56120527 0.44444444],[0.51034405 0.5507809 0.59010425 0.61592985 0.63508187 0.66473011 0.70278494 0.73938082 0.76554803],[0.5225328 0.59819256 0.66494436 0.71415811 0.75257732 0.78286638 0.81796117 0.85174626 0.88555347]
768,0.0742098891735077,[0.74508927 0.70805122 0.68778576 0.64895667 0.61288099 0.57045538 0.51495811 0.45095398 0.34775772],[0.82109228 0.79237288 0.77259887 0.74246704 0.71421846 0.67043315 0.61346516 0.54519774 0.43079096],[0.49301187 0.53958667 0.57648096 0.60280481 0.63999636 0.66502876 0.68467631 0.70872484 0.72128354],[0.49355005 0.57683524 0.63928842 0.68356048 0.73831325 0.77621622 0.80676923 0.83826715 0.8666036]
800,0.07538985729217529,[0.75258511 0.72413232 0.69784068 0.66261906 0.61354789 0.57102104 0.50711131 0.4426918 0.32904597],[0.82438795 0.79990584 0.77683616 0.74387947 0.70291902 0.66148776 0.60640301 0.53625235 0.41101695],[0.48172118 0.52227698 0.56111485 0.59848138 0.61875522 0.64983764 0.67270818 0.69906531 0.68748146],[0.45861568 0.54306885 0.6124681 0.66722269 0.71158392 0.75414217 0.79495074 0.82429501 0.85854617]
Model : 1800
416,0.057369735240936276,[0.43629643 0.38286602 0.35836465 0.33598797 0.31671084 0.29197215 0.26940982 0.24343675 0.19877389],[0.45244821 0.40207156 0.37429379 0.35028249 0.32862524 0.30367232 0.28201507 0.25141243 0.20244821],[0.66636879 0.68239982 0.6958626 0.706333 0.70485642 0.71882504 0.71847186 0.70934307 0.69610913],[0.7243545 0.75527426 0.77630332 0.79643232 0.80659841 0.82908163 0.83844011 0.84119497 0.82884615]
736,0.0707997977733612,[0.79862859 0.7279973 0.6835067 0.63018473 0.56154595 0.50557946 0.44553975 0.35653429 0.2437326],[0.84369115 0.79284369 0.74482109 0.69397363 0.62382298 0.56497175 0.49670433 0.40489642 0.28483992],[0.41650206 0.48242665 0.54596904 0.60049892 0.63239616 0.67695712 0.71056917 0.7499521 0.71581908],[0.33676049 0.46344682 0.56722689 0.6465777 0.70899471 0.76795931 0.80532319 0.84261975 0.84992987]
768,0.07399464011192322,[0.82264284 0.76025789 0.68693877 0.62780145 0.55608008 0.50057903 0.42444634 0.34269067 0.22307237],[0.8653484 0.81638418 0.75188324 0.69585687 0.61864407 0.55979284 0.4806968 0.3992467 0.27118644],[0.40347265 0.47736593 0.53525766 0.58727924 0.63905936 0.68608898 0.6986324 0.73128779 0.6821152],[0.31784131 0.44833539 0.54971543 0.63486703 0.70110701 0.7531407 0.79844358 0.84090909 0.84110787]
800,0.07587976217269897,[0.83383982 0.74884441 0.68186694 0.61625441 0.55232979 0.47794405 0.40225192 0.30563934 0.21037708],[0.87382298 0.81026365 0.75047081 0.68361582 0.61770245 0.54661017 0.46610169 0.3653484 0.25564972],[0.39602008 0.46219672 0.52408032 0.5794679 0.64284111 0.67381438 0.68947056 0.67501784 0.6465671],[0.30098193 0.43383585 0.5437604 0.62809564 0.70441255 0.75810636 0.7944 0.81570681 0.82826748]
Model : 2700
416,0.058694822788238524,[0.36099136 0.3326595 0.30893741 0.29212063 0.27403477 0.25326064 0.23204728 0.21381537 0.17954082],[0.39218456 0.35781544 0.33427495 0.31544256 0.29425612 0.27259887 0.25188324 0.23163842 0.1920904],[0.68196939 0.70189346 0.69955787 0.69587735 0.68865927 0.67661003 0.67269841 0.66225794 0.64634524],[0.81320591 0.83851555 0.8469163 0.8490566 0.84860051 0.84944751 0.84557721 0.8442623 0.82677165]
736,0.07081986308097839,[0.69321702 0.65533586 0.63144084 0.61693159 0.58841306 0.56259618 0.52855504 0.48462973 0.41115597],[0.77071563 0.73352166 0.70903955 0.69114878 0.66384181 0.63841808 0.60499058 0.56167608 0.48728814],[0.55595528 0.59373681 0.62403029 0.64817237 0.66683118 0.6846781 0.70867958 0.72776997 0.73156939],[0.59415205 0.66151079 0.70088567 0.7284331 0.75325301 0.77748414 0.806698 0.83847185 0.85691318]
768,0.07374467611312867,[0.70499462 0.67391786 0.64951697 0.62344033 0.59692651 0.57020402 0.52733575 0.48207417 0.399941],[0.78672316 0.75517891 0.73163842 0.70715631 0.68126177 0.65254237 0.61205273 0.56638418 0.48775895],[0.51351187 0.56603904 0.59674542 0.62491211 0.66145341 0.67707302 0.69121648 0.69672405 0.69554021],[0.5391899 0.62197146 0.66591166 0.70185029 0.74010247 0.76671771 0.79195011 0.81672026 0.84458399]
800,0.07585482716560364,[0.72710732 0.68295454 0.6598802 0.63122661 0.59829774 0.55886164 0.52295519 0.46768497 0.39921103],[0.80084746 0.76647834 0.74293785 0.71563089 0.68644068 0.64595104 0.61299435 0.56214689 0.48634652],[0.49088922 0.54273451 0.58285366 0.60687306 0.63272606 0.64901388 0.67835021 0.68362246 0.70561192],[0.49514333 0.58636644 0.64167267 0.67839806 0.71158179 0.73620863 0.77370203 0.80336352 0.83805031]
Model : 3000
416,0.05707479596138001,[0.42500428 0.38918786 0.35823079 0.33282561 0.31961477 0.30531924 0.28215025 0.25871205 0.22071724],[0.46704331 0.42984934 0.39877589 0.37099812 0.3559322 0.33992467 0.31450094 0.28719397 0.24199623],[0.66476736 0.68781409 0.70035844 0.70058552 0.6983351 0.71034368 0.71872367 0.69771789 0.67990705],[0.7993944 0.81716738 0.83050847 0.84004128 0.85368537 0.86823529 0.8714653 0.86760563 0.86189684]
736,0.07180827736854553,[0.74793895 0.71198502 0.67506539 0.64375397 0.61279641 0.57511731 0.52055979 0.45550092 0.35885609],[0.8173258 0.78531073 0.75423729 0.72175141 0.69020716 0.65065913 0.5960452 0.5334275 0.43644068],[0.49347996 0.54833072 0.59618712 0.63927169 0.67025544 0.69797782 0.72593912 0.71110985 0.73373182],[0.47026894 0.57268866 0.64632238 0.70530099 0.75583756 0.79173741 0.82912621 0.84257206 0.87382298]
768,0.0740248680114746,[0.7546875 0.71553448 0.68101727 0.64824824 0.60944827 0.56536279 0.51317158 0.45364377 0.33489733],[0.82391714 0.79190207 0.76365348 0.73305085 0.6972693 0.65160075 0.59981168 0.53766478 0.423258],[0.46550902 0.52839397 0.5751425 0.61777398 0.64523944 0.68273246 0.71266087 0.73159678 0.69464972],[0.42111087 0.53890754 0.61632201 0.68448276 0.73627451 0.78431373 0.82149712 0.85554728 0.86897881]
800,0.0754247236251831,[0.76263135 0.71857269 0.67949071 0.6395856 0.59609319 0.54100139 0.49771163 0.42473821 0.33102299],[0.836629 0.79755179 0.76177024 0.72504708 0.68361582 0.63135593 0.58521657 0.51082863 0.40913371],[0.45059551 0.50969437 0.56252974 0.60544007 0.62887187 0.65552972 0.68619483 0.71553869 0.72775634],[0.38834171 0.51375073 0.60269974 0.66965812 0.72031403 0.76487252 0.81156595 0.84867395 0.87537688]
