Model : 1000
416,0.06453449487686157,[0.48278062 0.42849769 0.3971737 0.36468616 0.34026471 0.30520752 0.27686005 0.23290219 0.17268751],[0.48822976 0.43691149 0.40301318 0.3700565 0.3413371 0.30555556 0.27259887 0.22928437 0.17043315]
736,0.0695243501663208,[0.74551252 0.69770429 0.66952178 0.63138667 0.6012379 0.56022763 0.50840283 0.43297241 0.27972527],[0.81403013 0.77589454 0.75376648 0.72222222 0.69256121 0.65301318 0.59981168 0.51883239 0.34274953]
768,0.07156946778297424,[0.75302676 0.71002285 0.67810188 0.63945103 0.59336118 0.54691162 0.48711909 0.40176166 0.27585381],[0.82344633 0.79190207 0.77024482 0.73728814 0.69821092 0.65630885 0.59369115 0.49858757 0.35169492]
800,0.07329447388648987,[0.7697283 0.72034435 0.68192935 0.6344128 0.59556563 0.54765745 0.4902585 0.40730315 0.27131533],[0.83521657 0.80084746 0.76741996 0.73210923 0.69585687 0.65254237 0.5913371 0.50612053 0.34745763]
Model : 1100
416,0.056574485301971435,[0.53850684 0.48372589 0.44812597 0.42243379 0.3956994 0.37141778 0.3357526 0.29914886 0.24011084],[0.55838041 0.50376648 0.4665725 0.43926554 0.40960452 0.38323917 0.34651601 0.30602637 0.24811676]
736,0.06915449738502502,[0.68175316 0.63914575 0.60036101 0.56895072 0.53876635 0.50080213 0.44863482 0.38824451 0.29777561],[0.7834275 0.74670433 0.71327684 0.68314501 0.65112994 0.61440678 0.56120527 0.48964218 0.38653484]
768,0.07119952917098998,[0.68471409 0.64033044 0.59101676 0.55974786 0.52528646 0.48146799 0.43711974 0.37197302 0.27829988],[0.79237288 0.75188324 0.71186441 0.67937853 0.64359699 0.60451977 0.5579096 0.49011299 0.38041431]
800,0.07239950180053711,[0.67637862 0.63482892 0.59796614 0.56277907 0.53701753 0.48987627 0.43549049 0.36897899 0.27054871],[0.78625235 0.74952919 0.71468927 0.6826742 0.6539548 0.60969868 0.54990584 0.47693032 0.36770245]
Model : 1200
416,0.05654959201812744,[0.40902753 0.367083 0.33512915 0.31283348 0.28930474 0.26241803 0.23347623 0.20565069 0.15911565],[0.42372881 0.38088512 0.34887006 0.32344633 0.29896422 0.27118644 0.23917137 0.20951036 0.15819209]
736,0.06810983419418334,[0.59299712 0.54608796 0.4998536 0.466615 0.41804283 0.36709126 0.30930175 0.23477253 0.1321656],[0.68455744 0.63370998 0.58286252 0.54472693 0.49340866 0.43832392 0.36581921 0.28013183 0.16054614]
768,0.0706546175479889,[0.61122557 0.55468906 0.50376276 0.45985673 0.41298282 0.36038225 0.29113522 0.21864677 0.12124142],[0.69868173 0.64030132 0.59039548 0.54284369 0.48917137 0.42890772 0.35404896 0.2740113 0.15065913]
800,0.07337942838668823,[0.60969966 0.54275017 0.50706192 0.4586401 0.40716954 0.3532891 0.28387104 0.20435351 0.11247538],[0.69774011 0.63794727 0.59651601 0.54284369 0.4854049 0.42184557 0.34227872 0.25376648 0.1393597]
Model : 1300
416,0.05634442210197449,[0.44938368 0.40890055 0.37881172 0.35747141 0.33215229 0.30470497 0.27604892 0.2400996 0.18075294],[0.47975518 0.43314501 0.39971751 0.37853107 0.34981168 0.32109228 0.28954802 0.24952919 0.18549906]
736,0.06843948245048523,[0.66609624 0.63388242 0.60223886 0.57024614 0.53620705 0.47892723 0.43448951 0.37381584 0.26820984],[0.75753296 0.73022599 0.69821092 0.66478343 0.6299435 0.58239171 0.53483992 0.46704331 0.33709981]
768,0.06987937688827514,[0.66483787 0.62645579 0.59156359 0.55653559 0.51733592 0.47523099 0.42142199 0.35062828 0.24321491],[0.76224105 0.72693032 0.69350282 0.66431262 0.6247646 0.57909605 0.52024482 0.44397363 0.3220339]
800,0.07270445704460143,[0.66833734 0.61290634 0.58250374 0.54898988 0.51537379 0.46024075 0.42141088 0.35072387 0.23389188],[0.75659134 0.71939736 0.69114878 0.65819209 0.62429379 0.57062147 0.52919021 0.44868173 0.31214689]
Model : 1400
416,0.05710951685905456,[0.41333333 0.36171651 0.32333768 0.29133851 0.26000888 0.23214304 0.20195461 0.16544325 0.12588537],[0.42843691 0.36911488 0.32768362 0.2933145 0.26035782 0.22928437 0.19538606 0.15630885 0.11346516]
736,0.0695744788646698,[0.73881929 0.68388948 0.63551597 0.57880826 0.52651917 0.47239691 0.41501913 0.330277 0.21574811],[0.81544256 0.76224105 0.71610169 0.65913371 0.60546139 0.54849341 0.47975518 0.38606403 0.25612053]
768,0.07151939988136291,[0.75679744 0.69717445 0.6487871 0.59682569 0.53823583 0.47345751 0.40826471 0.31999527 0.20950641],[0.83333333 0.77730697 0.72834275 0.67843691 0.61911488 0.55414313 0.4806968 0.38559322 0.25564972]
800,0.07282957434654236,[0.76289055 0.70015959 0.64457279 0.58693409 0.53104677 0.4625907 0.38549829 0.3070256 0.20061161],[0.83992467 0.78107345 0.72834275 0.67231638 0.61393597 0.54472693 0.4613936 0.3752354 0.24858757]
Model : 1500
416,0.05703453421592712,[0.4076928 0.37319522 0.34899393 0.32432017 0.30123883 0.28054411 0.25423383 0.22169695 0.17616341],[0.44821092 0.41148776 0.38323917 0.35687382 0.33097928 0.30838041 0.27730697 0.24011299 0.19114878]
736,0.07010434746742249,[0.73149882 0.69652823 0.67682184 0.64431929 0.61279671 0.57984879 0.53521799 0.4730938 0.37026741],[0.80649718 0.78154426 0.76647834 0.74011299 0.71374765 0.67984934 0.63229755 0.56120527 0.44444444]
768,0.07215444326400756,[0.74508927 0.70805122 0.68778576 0.64895667 0.61288099 0.57045538 0.51495811 0.45095398 0.34775772],[0.82109228 0.79237288 0.77259887 0.74246704 0.71421846 0.67043315 0.61346516 0.54519774 0.43079096]
800,0.07293459057807922,[0.75258511 0.72413232 0.69784068 0.66261906 0.61354789 0.57102104 0.50711131 0.4426918 0.32904597],[0.82438795 0.79990584 0.77683616 0.74387947 0.70291902 0.66148776 0.60640301 0.53625235 0.41101695]
Model : 1600
416,0.05688455462455749,[0.30868379 0.27634102 0.25161106 0.233872 0.22008779 0.20558585 0.19006532 0.16736687 0.1415963],[0.33521657 0.30037665 0.27259887 0.25141243 0.23587571 0.21892655 0.20150659 0.17984934 0.1492467]
736,0.06896448135375977,[0.59137115 0.54698987 0.51195406 0.47924828 0.4568226 0.42040386 0.37395387 0.31484901 0.23547486],[0.68973635 0.64830508 0.61158192 0.57768362 0.55178908 0.51082863 0.46045198 0.39171375 0.29896422]
768,0.06985442161560058,[0.59190747 0.54671355 0.51211284 0.48007577 0.44784339 0.40475998 0.36434567 0.30043624 0.22043033],[0.69397363 0.65112994 0.61676083 0.58380414 0.55178908 0.50659134 0.4613936 0.39265537 0.29566855]
800,0.07310442566871643,[0.60125146 0.55360386 0.50733424 0.48007682 0.4463696 0.4091725 0.35484361 0.29530049 0.20879333],[0.7019774 0.65677966 0.61111111 0.58145009 0.54472693 0.50376648 0.44679849 0.37806026 0.27919021]
Model : 1700
416,0.0573445188999176,[0.20122167 0.16847952 0.14024188 0.12657782 0.11075968 0.09510753 0.07995011 0.06099161 0.04091017],[0.1920904 0.15725047 0.12758945 0.11346516 0.09981168 0.08521657 0.06967985 0.05225989 0.03248588]
736,0.06975938200950622,[0.61626469 0.53149126 0.45362778 0.37777041 0.32176221 0.26332619 0.2030592 0.14832175 0.08711242],[0.65960452 0.57768362 0.50094162 0.42702448 0.36393597 0.29896422 0.2306968 0.16854991 0.09792844]
768,0.07200451970100402,[0.64996663 0.53435321 0.45572113 0.38747612 0.32239523 0.25455269 0.20043611 0.14014036 0.0719698],[0.69444444 0.58898305 0.50988701 0.43502825 0.3700565 0.29943503 0.23917137 0.17043315 0.08992467]
800,0.07295452475547791,[0.68008263 0.55351956 0.47490784 0.39204194 0.32825049 0.26506774 0.20772065 0.14067739 0.06931388],[0.72175141 0.61158192 0.53672316 0.44962335 0.38983051 0.31967985 0.25141243 0.17702448 0.0913371]
Model : 1800
416,0.05766448497772217,[0.43629643 0.38286602 0.35836465 0.33598797 0.31671084 0.29197215 0.26940982 0.24343675 0.19877389],[0.45244821 0.40207156 0.37429379 0.35028249 0.32862524 0.30367232 0.28201507 0.25141243 0.20244821]
736,0.07024449467658997,[0.79862859 0.7279973 0.6835067 0.63018473 0.56154595 0.50557946 0.44553975 0.35653429 0.2437326],[0.84369115 0.79284369 0.74482109 0.69397363 0.62382298 0.56497175 0.49670433 0.40489642 0.28483992]
768,0.0715345573425293,[0.82264284 0.76025789 0.68693877 0.62780145 0.55608008 0.50057903 0.42444634 0.34269067 0.22307237],[0.8653484 0.81638418 0.75188324 0.69585687 0.61864407 0.55979284 0.4806968 0.3992467 0.27118644]
800,0.07293453454971313,[0.83383982 0.74884441 0.68186694 0.61625441 0.55232979 0.47794405 0.40225192 0.30563934 0.21037708],[0.87382298 0.81026365 0.75047081 0.68361582 0.61770245 0.54661017 0.46610169 0.3653484 0.25564972]
Model : 1900
416,0.0575143575668335,[0.3830897 0.35209382 0.32620266 0.30479105 0.28696586 0.26520907 0.24517016 0.21999411 0.17069277],[0.40489642 0.36911488 0.3413371 0.31826742 0.30084746 0.27777778 0.25612053 0.22928437 0.18126177]
736,0.06892946243286133,[0.6532707 0.59848104 0.55721772 0.5182684 0.48238469 0.44088979 0.39451122 0.33104746 0.23825862],[0.72975518 0.67984934 0.64265537 0.60499058 0.57062147 0.52777778 0.47693032 0.40348399 0.30367232]
768,0.07316936016082763,[0.65052653 0.59393811 0.5420501 0.5050631 0.46545949 0.42358726 0.36675993 0.30518139 0.22331116],[0.73870056 0.68644068 0.63841808 0.60028249 0.56214689 0.51977401 0.45903955 0.39548023 0.2980226]
800,0.07386940836906433,[0.64842381 0.5954929 0.54625783 0.49830198 0.45574359 0.41192916 0.35999567 0.30471421 0.2109093],[0.74105461 0.69256121 0.64877589 0.59934087 0.55649718 0.5094162 0.45338983 0.39218456 0.28201507]
Model : 2000
416,0.05735934257507324,[0.30407322 0.25871946 0.24215137 0.21620516 0.1948264 0.17434389 0.15562543 0.13120878 0.09185441],[0.31308851 0.26271186 0.24340866 0.22269303 0.20056497 0.18126177 0.16242938 0.13606403 0.09510358]
736,0.06773447275161742,[0.46155304 0.40434474 0.3613181 0.33349314 0.29898794 0.26415553 0.22266373 0.17772251 0.10914064],[0.53578154 0.47363465 0.42608286 0.39500942 0.35404896 0.31497175 0.26883239 0.21563089 0.13653484]
768,0.06950949549674988,[0.45565589 0.39823915 0.35506853 0.31711779 0.28503268 0.25075187 0.20452394 0.15715209 0.0991229],[0.53813559 0.47410546 0.42843691 0.38700565 0.34934087 0.30932203 0.25329567 0.19774011 0.13182674]
800,0.0727394437789917,[0.46421028 0.40400004 0.35037377 0.30654248 0.27373737 0.24066187 0.19816334 0.15105109 0.09680443],[0.54613936 0.48163842 0.42419962 0.3752354 0.33521657 0.29849341 0.25 0.19256121 0.12429379]
Model : 2100
416,0.05692452311515808,[0.25352684 0.21996353 0.20180918 0.18410177 0.16889701 0.15755727 0.14525968 0.12592781 0.10493911],[0.25423729 0.21845574 0.19821092 0.1826742 0.16713748 0.15442561 0.14030132 0.12193974 0.09981168]
736,0.06921939730644226,[0.51646225 0.46108304 0.43239009 0.4021816 0.37710216 0.34222969 0.31157401 0.27158611 0.21332417],[0.58474576 0.53154426 0.5 0.46845574 0.43973635 0.40254237 0.36958569 0.32015066 0.25188324]
768,0.07290928959846496,[0.51861561 0.4731004 0.44005886 0.40632058 0.38302174 0.35250765 0.3161245 0.26662901 0.20452944],[0.59745763 0.55037665 0.51271186 0.47222222 0.4472693 0.41525424 0.37570621 0.31920904 0.25047081]
800,0.07389951944351196,[0.53090481 0.47906653 0.43686192 0.40098873 0.37065493 0.33845236 0.30460853 0.26442279 0.20826388],[0.60922787 0.55508475 0.50988701 0.47504708 0.44303202 0.40536723 0.36864407 0.32297552 0.25753296]
Model : 2200
416,0.05703447103500366,[0.29677141 0.26779455 0.24788727 0.23392578 0.21451453 0.19561832 0.17312046 0.15086059 0.12073583],[0.30696798 0.27354049 0.25 0.23446328 0.21516008 0.19444444 0.17137476 0.14736347 0.11676083]
736,0.07001439452171326,[0.68854729 0.63188082 0.59555432 0.56583794 0.53112276 0.48575201 0.44700454 0.39583889 0.29841458],[0.74246704 0.70103578 0.6680791 0.63747646 0.59934087 0.55178908 0.51035782 0.45527307 0.35122411]
768,0.07329955816268921,[0.70920135 0.64976105 0.6137631 0.57924268 0.53597607 0.49113739 0.45034061 0.39042227 0.28601375],[0.76694915 0.71892655 0.68455744 0.65065913 0.61440678 0.56873823 0.52071563 0.45244821 0.34557439]
800,0.07416430950164794,[0.72181086 0.65750076 0.61290574 0.58146524 0.53503925 0.48155181 0.43173307 0.37336859 0.28371088],[0.77730697 0.72410546 0.6873823 0.65536723 0.60875706 0.56355932 0.51082863 0.44444444 0.34557439]
Model : 2300
416,0.056729446649551395,[0.31369684 0.28603861 0.26943009 0.24387536 0.22362681 0.20452471 0.1871738 0.16706025 0.13561847],[0.31685499 0.28672316 0.26647834 0.24199623 0.22175141 0.20150659 0.1826742 0.16101695 0.12806026]
736,0.07019934296607971,[0.72049267 0.63937341 0.5854415 0.54150511 0.49642356 0.45041358 0.39991986 0.33839007 0.24961936],[0.75659134 0.69256121 0.64736347 0.60687382 0.56167608 0.51647834 0.46468927 0.39783427 0.30037665]
768,0.0732244610786438,[0.71570312 0.64536505 0.59374306 0.53930625 0.48939749 0.4517279 0.39456488 0.32814682 0.23399745],[0.76177024 0.70244821 0.65725047 0.60781544 0.56308851 0.52636535 0.46704331 0.39830508 0.29613936]
800,0.07440447092056274,[0.7342323 0.6530806 0.59118853 0.53884574 0.49248637 0.45078896 0.38790284 0.32512779 0.23192176],[0.77966102 0.71186441 0.66290019 0.6200565 0.57250471 0.53107345 0.46986817 0.40536723 0.29943503]
Model : 2400
416,0.056559423208236696,[0.24793089 0.21634091 0.19801883 0.185005 0.1732125 0.16018683 0.1468663 0.12857908 0.0995596],[0.2452919 0.21516008 0.1972693 0.18220339 0.16949153 0.15536723 0.14124294 0.12382298 0.0960452]
736,0.06982945919036865,[0.53701205 0.4793456 0.44038916 0.40638811 0.37459889 0.33740281 0.30184705 0.25054513 0.17851626],[0.61158192 0.54990584 0.5094162 0.47033898 0.43596987 0.39689266 0.35499058 0.30178908 0.21892655]
768,0.07294437408447266,[0.54902428 0.49399111 0.44641729 0.40572159 0.37098406 0.33699812 0.29508471 0.24165614 0.16507964],[0.6247646 0.57015066 0.52071563 0.47693032 0.44161959 0.40630885 0.35828625 0.30037665 0.2113936]
800,0.07399454951286316,[0.53780132 0.47089704 0.42824846 0.39632717 0.35039483 0.30581772 0.26812227 0.22029815 0.15346858],[0.61958569 0.55178908 0.5047081 0.47033898 0.42749529 0.38229755 0.33804143 0.28531073 0.20291902]
Model : 2500
416,0.056584525108337405,[0.15861771 0.11759234 0.09645373 0.08508701 0.07230676 0.06138653 0.05239518 0.0429226 0.03124415],[0.1440678 0.10169492 0.07956685 0.06779661 0.05649718 0.04661017 0.04096045 0.0334275 0.0240113]
736,0.06866946458816528,[0.40259196 0.27229916 0.20226619 0.15204245 0.10342521 0.07382737 0.05470047 0.0357692 0.01779189],[0.44350282 0.30178908 0.22316384 0.16902072 0.11629002 0.08145009 0.05885122 0.0386064 0.01883239]
768,0.07078942537307739,[0.40836147 0.27620183 0.20833413 0.1519009 0.1101145 0.08096289 0.0580695 0.03200692 0.01074759],[0.45291902 0.3173258 0.23775895 0.17419962 0.12664783 0.09369115 0.0673258 0.03813559 0.0145951]
800,0.073474600315094,[0.43191086 0.30619585 0.21879769 0.15938894 0.11132259 0.07951074 0.05428591 0.03083343 0.01552881],[0.48634652 0.34839925 0.2547081 0.19020716 0.13370998 0.09510358 0.06450094 0.03672316 0.01836158]
Model : 2600
416,0.05645442724227905,[0.2605029 0.22228997 0.20363731 0.18599782 0.16177633 0.14133736 0.13166294 0.11778124 0.09196349],[0.2740113 0.23022599 0.20998117 0.19067797 0.16572505 0.1440678 0.13182674 0.11487759 0.08568738]
736,0.06971949338912964,[0.60366358 0.52296627 0.47102812 0.43531034 0.40307711 0.36100102 0.31638307 0.26286575 0.20105284],[0.67561205 0.60640301 0.55602637 0.51694915 0.48446328 0.43691149 0.38794727 0.32627119 0.25706215]
768,0.07181954503059387,[0.60542526 0.53604678 0.48365679 0.44185141 0.40231712 0.35493527 0.30177321 0.25367438 0.18495821],[0.68785311 0.62806026 0.57438795 0.53578154 0.49293785 0.44161959 0.38370998 0.33145009 0.24623352]
800,0.073929523229599,[0.63474485 0.55061361 0.49144756 0.437902 0.39675451 0.35576787 0.30352341 0.25112958 0.18162342],[0.71704331 0.64359699 0.58568738 0.53060264 0.48446328 0.44256121 0.38606403 0.32815443 0.24670433]
Model : 2700
416,0.05706457018852234,[0.36099136 0.3326595 0.30893741 0.29212063 0.27403477 0.25326064 0.23204728 0.21381537 0.17954082],[0.39218456 0.35781544 0.33427495 0.31544256 0.29425612 0.27259887 0.25188324 0.23163842 0.1920904]
736,0.07001453995704651,[0.69321702 0.65533586 0.63144084 0.61693159 0.58841306 0.56259618 0.52855504 0.48462973 0.41115597],[0.77071563 0.73352166 0.70903955 0.69114878 0.66384181 0.63841808 0.60499058 0.56167608 0.48728814]
768,0.07350454688072204,[0.70499462 0.67391786 0.64951697 0.62344033 0.59692651 0.57020402 0.52733575 0.48207417 0.399941],[0.78672316 0.75517891 0.73163842 0.70715631 0.68126177 0.65254237 0.61205273 0.56638418 0.48775895]
800,0.07371951818466187,[0.72710732 0.68295454 0.6598802 0.63122661 0.59829774 0.55886164 0.52295519 0.46768497 0.39921103],[0.80084746 0.76647834 0.74293785 0.71563089 0.68644068 0.64595104 0.61299435 0.56214689 0.48634652]
Model : 2800
416,0.056874487400054935,[0.42313521 0.38339619 0.3595549 0.34127435 0.32704677 0.30600637 0.27393171 0.25247742 0.21690329],[0.45715631 0.41431262 0.38747646 0.36958569 0.3507533 0.32815443 0.29519774 0.27259887 0.23163842]
736,0.06969941377639771,[0.74853489 0.6899588 0.6518334 0.61222832 0.56808821 0.53481689 0.49409767 0.44519662 0.36140617],[0.8126177 0.76506591 0.73163842 0.69256121 0.65583804 0.62146893 0.58239171 0.53201507 0.43832392]
768,0.07296949505805969,[0.75004405 0.68982348 0.64297588 0.60333003 0.55994549 0.52099573 0.46782359 0.41360432 0.32893639],[0.8220339 0.77354049 0.73399247 0.6972693 0.65677966 0.61676083 0.56308851 0.50564972 0.41525424]
800,0.073754323720932,[0.75094999 0.68321389 0.63559254 0.59748143 0.55433276 0.50937049 0.46008182 0.40126852 0.3211453],[0.82768362 0.77306968 0.73116761 0.69444444 0.65301318 0.60969868 0.55932203 0.49905838 0.40489642]
Model : 2900
416,0.056774340867996216,[0.36330894 0.32744847 0.30000997 0.28000658 0.26162701 0.24675325 0.22753228 0.20830218 0.17334115],[0.39595104 0.35499058 0.32627119 0.30367232 0.27966102 0.26412429 0.24435028 0.22222222 0.18126177]
736,0.06994439959526062,[0.67378187 0.63036267 0.59628331 0.56025343 0.52270842 0.49167347 0.45012008 0.40459702 0.32769782],[0.75706215 0.71468927 0.68220339 0.64830508 0.61252354 0.58003766 0.54001883 0.49340866 0.4086629]
768,0.07269933223724365,[0.70331633 0.63853335 0.60351084 0.57160945 0.53308875 0.487398 0.44076112 0.39167636 0.31067454],[0.78295669 0.73022599 0.69868173 0.66713748 0.62617702 0.58286252 0.53907721 0.48822976 0.40160075]
800,0.07399942278862,[0.70988667 0.65056796 0.60024352 0.55027213 0.51615557 0.48141853 0.43083908 0.37736066 0.29520533],[0.7933145 0.74199623 0.69585687 0.64971751 0.61487759 0.58097928 0.53436911 0.47740113 0.38700565]
Model : 3000
416,0.05718931436538696,[0.42500428 0.38918786 0.35823079 0.33282561 0.31961477 0.30531924 0.28215025 0.25871205 0.22071724],[0.46704331 0.42984934 0.39877589 0.37099812 0.3559322 0.33992467 0.31450094 0.28719397 0.24199623]
736,0.06949937701225281,[0.74793895 0.71198502 0.67506539 0.64375397 0.61279641 0.57511731 0.52055979 0.45550092 0.35885609],[0.8173258 0.78531073 0.75423729 0.72175141 0.69020716 0.65065913 0.5960452 0.5334275 0.43644068]
768,0.07260948777198792,[0.7546875 0.71553448 0.68101727 0.64824824 0.60944827 0.56536279 0.51317158 0.45364377 0.33489733],[0.82391714 0.79190207 0.76365348 0.73305085 0.6972693 0.65160075 0.59981168 0.53766478 0.423258]
800,0.07406948924064637,[0.76263135 0.71857269 0.67949071 0.6395856 0.59609319 0.54100139 0.49771163 0.42473821 0.33102299],[0.836629 0.79755179 0.76177024 0.72504708 0.68361582 0.63135593 0.58521657 0.51082863 0.40913371]